{
 "cells": [
  {
   "cell_type": "code",
   "execution_count": 10,
   "metadata": {},
   "outputs": [
    {
     "name": "stdout",
     "output_type": "stream",
     "text": [
      "Populating the interactive namespace from numpy and matplotlib\n"
     ]
    }
   ],
   "source": [
    "%pylab inline\n",
    "\n",
    "import networkx as nx\n",
    "import scipy.sparse\n",
    "from scipy.io import loadmat\n",
    "from sklearn.datasets import make_sparse_spd_matrix\n",
    "from sklearn.utils.extmath import squared_norm\n",
    "from sklearn.covariance import empirical_covariance\n",
    "\n",
    "from regain import datasets\n",
    "from regain.datasets import is_pos_def, is_pos_semidef\n",
    "from regain.plot import plot_graph_with_latent_variables\n",
    "from regain.admm import latent_time_graph_lasso_; reload(latent_time_graph_lasso_)\n",
    "from regain.admm import latent_time_graph_lasso_v2_; reload(latent_time_graph_lasso_v2_)\n",
    "from regain.admm import time_graph_lasso_; reload(time_graph_lasso_);\n",
    "from regain.admm import latent_graph_lasso_; reload(latent_graph_lasso_);\n",
    "from regain.utils import error_norm"
   ]
  },
  {
   "cell_type": "code",
   "execution_count": 11,
   "metadata": {},
   "outputs": [],
   "source": [
    "import pandas as pd\n",
    "#data = pd.read_csv(\"/home/fede/src/slipguru/regain/regain/data/gene_chandrasekaran.csv\").values.T\n",
    "#data = pd.read_csv(\"../regain/data/gene_chandrasekaran.csv\").values.T"
   ]
  },
  {
   "cell_type": "code",
   "execution_count": 12,
   "metadata": {},
   "outputs": [],
   "source": [
    "# C = loadmat(\"../regain/data/X_output_chandra.mat\")['X1']\n",
    "# C2 = loadmat(\"../regain/data/X2_output_chandra.mat\")['X2']\n",
    "# out_B = loadmat(\"../regain/data/out_B.mat\")\n",
    "# Sigma0 = loadmat(\"../regain/data/Sigma0.mat\")['SigmaO']"
   ]
  },
  {
   "cell_type": "code",
   "execution_count": 17,
   "metadata": {},
   "outputs": [],
   "source": [
    "# config\n",
    "n_samples = 100\n",
    "n_dim_obs = 10\n",
    "n_dim_lat = 2\n",
    "T = 10\n",
    "\n",
    "data_list, K, K_obs, ells = datasets.generate_dataset(\n",
    "        mode='fixed', n_samples=n_samples, n_dim_lat=n_dim_lat,\n",
    "        n_dim_obs=n_dim_obs, T=T)\n",
    "\n",
    "# assert np.linalg.matrix_rank(ells) == n_dim_lat"
   ]
  },
  {
   "cell_type": "markdown",
   "metadata": {},
   "source": [
    "## 1. Single timestamp\n",
    "Check if, with only one timestamp, the method behave the same as Chandrasekaran/Ma."
   ]
  },
  {
   "cell_type": "code",
   "execution_count": 5,
   "metadata": {},
   "outputs": [],
   "source": [
    "emp_cov = empirical_covariance(data_list[0], assume_centered=False)"
   ]
  },
  {
   "cell_type": "markdown",
   "metadata": {},
   "source": [
    "### 1.1 Do we behave as ourselves with the same functional as Ma?\n",
    "The following is the latent time graphical model inference with only one covariance matrix."
   ]
  },
  {
   "cell_type": "code",
   "execution_count": 6,
   "metadata": {
    "scrolled": true
   },
   "outputs": [],
   "source": [
    "results_time = latent_time_graph_lasso_.latent_time_graph_lasso(\n",
    "    np.array([emp_cov]), alpha=0.05, tau=0.25,\n",
    "    tol=1e-5, rtol=1e-5, rho=1./ emp_cov.shape[0],\n",
    "    verbose=0, max_iter=500)"
   ]
  },
  {
   "cell_type": "markdown",
   "metadata": {},
   "source": [
    "We compare it with the code for the latent graphical model inference (without time). <br>\n",
    "Since there is only one covariance matrix, we expect to obtain the same results."
   ]
  },
  {
   "cell_type": "code",
   "execution_count": 7,
   "metadata": {
    "scrolled": true
   },
   "outputs": [],
   "source": [
    "results_static = latent_graph_lasso_.latent_graph_lasso(\n",
    "    emp_cov, alpha=0.05, tau=0.25, \n",
    "    tol=1e-5, rtol=1e-5, rho=1. / emp_cov.shape[0],\n",
    "    verbose=0, max_iter=500)"
   ]
  },
  {
   "cell_type": "code",
   "execution_count": 8,
   "metadata": {},
   "outputs": [],
   "source": [
    "assert np.all([np.allclose(x, y) for x, y in zip(results_static, results_time)])"
   ]
  },
  {
   "cell_type": "code",
   "execution_count": 9,
   "metadata": {},
   "outputs": [],
   "source": [
    "assert np.linalg.matrix_rank(results_static[1]) == np.linalg.matrix_rank(results_time[1][0])"
   ]
  },
  {
   "cell_type": "markdown",
   "metadata": {},
   "source": [
    "Now we check if the result is the same as the Chandrasekaran/Ma Matlab algorithm. To do that, we load `pymatbridge`, to run Matlab code directly from Jupyter notebook."
   ]
  },
  {
   "cell_type": "code",
   "execution_count": 10,
   "metadata": {
    "scrolled": true
   },
   "outputs": [
    {
     "name": "stderr",
     "output_type": "stream",
     "text": [
      "/home/fede/miniconda2/lib/python2.7/site-packages/IPython/nbformat.py:13: ShimWarning: The `IPython.nbformat` package has been deprecated since IPython 4.0. You should import from nbformat instead.\n",
      "  \"You should import from nbformat instead.\", ShimWarning)\n"
     ]
    },
    {
     "name": "stdout",
     "output_type": "stream",
     "text": [
      "Starting MATLAB on ZMQ socket ipc:///tmp/pymatbridge-83616da4-a34d-498b-9814-597761ff6e19\n",
      "Send 'exit' command to kill the server\n",
      ".......MATLAB started and connected!\n"
     ]
    }
   ],
   "source": [
    "%reload_ext pymatbridge\n",
    "%matlab cd /home/fede/Downloads/lvglasso-pub/\n",
    "# %matlab cd /home/veronica/src/lvglasso-pub/"
   ]
  },
  {
   "cell_type": "code",
   "execution_count": 11,
   "metadata": {},
   "outputs": [],
   "source": [
    "%%matlab -i emp_cov -o R,S,L,obj,res,iter\n",
    "alpha = 0.05;\n",
    "beta = 0.25; %beta here is tau\n",
    "\n",
    "opts.continuation = 1; opts.num_continuation = 10;\n",
    "opts.eta = 1; opts.muf = 1e-6;\n",
    "opts.maxiter = 500; opts.stoptol = 1e-5; \n",
    "opts.over_relax_par = 1;\n",
    "n = size(emp_cov,1); opts.mu = n;\n",
    "\n",
    "tic; out_B = ADMM_B(emp_cov,alpha,beta,opts); solve_B = toc;\n",
    "%%fprintf('ADMM_B: obj: %e, iter: %d, cpu: %3.1f \\n',out_B.obj,out_B.iter,solve_B);\n",
    "\n",
    "R = out_B.R;\n",
    "S = out_B.S;\n",
    "L = out_B.L;\n",
    "obj = out_B.obj;\n",
    "res = out_B.resid;\n",
    "iter = out_B.iter;"
   ]
  },
  {
   "cell_type": "code",
   "execution_count": 12,
   "metadata": {},
   "outputs": [],
   "source": [
    "assert np.all([np.allclose(x, y, atol=1e-4) for x, y in zip(results_static[:-1], (S, L))])"
   ]
  },
  {
   "cell_type": "code",
   "execution_count": 13,
   "metadata": {},
   "outputs": [],
   "source": [
    "assert np.linalg.matrix_rank(L) == np.linalg.matrix_rank(results_time[1][0])"
   ]
  },
  {
   "cell_type": "markdown",
   "metadata": {},
   "source": [
    "## 2. Time-varying vs separate for each time\n",
    "This is to justify the choice of the additional penalties which constrain subsequent matrices in time to behave similarly."
   ]
  },
  {
   "cell_type": "code",
   "execution_count": 112,
   "metadata": {},
   "outputs": [],
   "source": [
    "reload(datasets)\n",
    "# config\n",
    "n_samples = 100\n",
    "n_dim_obs = 10\n",
    "n_dim_lat = 2\n",
    "T = 10\n",
    "\n",
    "data_list, K, K_obs, ells = datasets.generate_dataset(\n",
    "    mode='fixed', n_samples=n_samples, n_dim_lat=n_dim_lat, n_dim_obs=n_dim_obs, T=T)\n",
    "\n",
    "data_grid = np.array(data_list).transpose(1,2,0)  # to use it later for grid search"
   ]
  },
  {
   "cell_type": "markdown",
   "metadata": {},
   "source": [
    "First, we check again if the results are the same with beta and eta is 0."
   ]
  },
  {
   "cell_type": "code",
   "execution_count": 113,
   "metadata": {},
   "outputs": [],
   "source": [
    "emp_cov = np.array([empirical_covariance(data, assume_centered=False) for data in data_list])\n",
    "emp_list = np.array(emp_cov).transpose(1,2,0)"
   ]
  },
  {
   "cell_type": "code",
   "execution_count": 257,
   "metadata": {
    "scrolled": true
   },
   "outputs": [],
   "source": [
    "reload(latent_time_graph_lasso_)\n",
    "results_time = latent_time_graph_lasso_.latent_time_graph_lasso(\n",
    "    emp_cov, alpha=0.05, tau=0.25, tol=1e-5, rtol=1e-5, rho=1./ emp_cov.shape[0],\n",
    "    beta=0, eta=0,\n",
    "    verbose=0, max_iter=500)"
   ]
  },
  {
   "cell_type": "code",
   "execution_count": 258,
   "metadata": {},
   "outputs": [
    {
     "data": {
      "text/plain": [
       "[array([[[  1.06864192e+00,   3.16994096e-01,   2.63723407e-01,\n",
       "            2.66385019e-02,   0.00000000e+00,   1.92668060e-02,\n",
       "            7.89242569e-02,   0.00000000e+00,   4.45372474e-02,\n",
       "            0.00000000e+00],\n",
       "         [  3.16994096e-01,   1.30036508e+00,  -0.00000000e+00,\n",
       "            9.76351578e-02,   0.00000000e+00,   2.86879930e-01,\n",
       "           -6.64949235e-02,  -0.00000000e+00,   5.19269696e-02,\n",
       "            0.00000000e+00],\n",
       "         [  2.63723407e-01,  -0.00000000e+00,   1.13392881e+00,\n",
       "            1.84014653e-01,   4.02115499e-02,   2.64728317e-02,\n",
       "            7.30543272e-02,   9.49304658e-02,  -2.97814089e-02,\n",
       "            0.00000000e+00],\n",
       "         [  2.66385019e-02,   9.76351578e-02,   1.84014653e-01,\n",
       "            1.11125506e+00,   6.30931225e-02,   1.07139113e-01,\n",
       "            9.18900357e-04,  -6.90728027e-02,  -3.53916806e-02,\n",
       "            1.25315676e-01],\n",
       "         [  0.00000000e+00,   0.00000000e+00,   4.02115499e-02,\n",
       "            6.30931225e-02,   1.00757295e+00,   4.62230434e-03,\n",
       "           -0.00000000e+00,   1.90976151e-01,   1.86944268e-02,\n",
       "            2.77591825e-01],\n",
       "         [  1.92668060e-02,   2.86879930e-01,   2.64728317e-02,\n",
       "            1.07139113e-01,   4.62230434e-03,   1.33540204e+00,\n",
       "            0.00000000e+00,   0.00000000e+00,   1.50729396e-01,\n",
       "            2.06850566e-02],\n",
       "         [  7.89242569e-02,  -6.64949235e-02,   7.30543272e-02,\n",
       "            9.18900357e-04,  -0.00000000e+00,   0.00000000e+00,\n",
       "            9.50977846e-01,   2.55446604e-01,   1.80846495e-01,\n",
       "            0.00000000e+00],\n",
       "         [  0.00000000e+00,  -0.00000000e+00,   9.49304658e-02,\n",
       "           -6.90728027e-02,   1.90976151e-01,   0.00000000e+00,\n",
       "            2.55446604e-01,   9.06312942e-01,  -0.00000000e+00,\n",
       "           -0.00000000e+00],\n",
       "         [  4.45372474e-02,   5.19269696e-02,  -2.97814089e-02,\n",
       "           -3.53916806e-02,   1.86944268e-02,   1.50729396e-01,\n",
       "            1.80846495e-01,  -0.00000000e+00,   9.16135639e-01,\n",
       "           -0.00000000e+00],\n",
       "         [  0.00000000e+00,   0.00000000e+00,   0.00000000e+00,\n",
       "            1.25315676e-01,   2.77591825e-01,   2.06850566e-02,\n",
       "            0.00000000e+00,  -0.00000000e+00,  -0.00000000e+00,\n",
       "            1.38516615e+00]],\n",
       " \n",
       "        [[  8.39887501e-01,   0.00000000e+00,   1.86403311e-01,\n",
       "           -0.00000000e+00,  -0.00000000e+00,   0.00000000e+00,\n",
       "           -3.91400992e-02,   0.00000000e+00,   3.69258411e-02,\n",
       "            4.03370839e-02],\n",
       "         [  0.00000000e+00,   1.02365681e+00,  -1.68327614e-02,\n",
       "           -0.00000000e+00,  -0.00000000e+00,   1.48388436e-01,\n",
       "           -1.34326787e-02,  -0.00000000e+00,  -3.88010798e-02,\n",
       "            0.00000000e+00],\n",
       "         [  1.86403311e-01,  -1.68327614e-02,   1.06634822e+00,\n",
       "            2.15517215e-01,   1.49527691e-01,  -1.49612066e-01,\n",
       "            0.00000000e+00,  -1.15206141e-01,  -0.00000000e+00,\n",
       "           -0.00000000e+00],\n",
       "         [ -0.00000000e+00,  -0.00000000e+00,   2.15517215e-01,\n",
       "            8.67576956e-01,   0.00000000e+00,   1.94058052e-03,\n",
       "            1.33327117e-01,  -4.16658114e-02,  -3.78005017e-02,\n",
       "            4.04786314e-03],\n",
       "         [ -0.00000000e+00,  -0.00000000e+00,   1.49527691e-01,\n",
       "            0.00000000e+00,   9.41854068e-01,   3.13084551e-02,\n",
       "           -3.61797221e-03,   2.39482452e-01,   0.00000000e+00,\n",
       "            6.44247832e-02],\n",
       "         [  0.00000000e+00,   1.48388436e-01,  -1.49612066e-01,\n",
       "            1.94058052e-03,   3.13084551e-02,   1.04780869e+00,\n",
       "            0.00000000e+00,   1.81108365e-01,   1.79475415e-01,\n",
       "           -3.41788894e-02],\n",
       "         [ -3.91400992e-02,  -1.34326787e-02,   0.00000000e+00,\n",
       "            1.33327117e-01,  -3.61797221e-03,   0.00000000e+00,\n",
       "            9.79460038e-01,   1.32332591e-01,   1.14265539e-01,\n",
       "            1.93406992e-02],\n",
       "         [  0.00000000e+00,  -0.00000000e+00,  -1.15206141e-01,\n",
       "           -4.16658114e-02,   2.39482452e-01,   1.81108365e-01,\n",
       "            1.32332591e-01,   1.20874766e+00,  -1.26408997e-02,\n",
       "           -1.50178267e-02],\n",
       "         [  3.69258411e-02,  -3.88010798e-02,  -0.00000000e+00,\n",
       "           -3.78005017e-02,   0.00000000e+00,   1.79475415e-01,\n",
       "            1.14265539e-01,  -1.26408997e-02,   9.81257034e-01,\n",
       "            0.00000000e+00],\n",
       "         [  4.03370839e-02,   0.00000000e+00,  -0.00000000e+00,\n",
       "            4.04786314e-03,   6.44247832e-02,  -3.41788894e-02,\n",
       "            1.93406992e-02,  -1.50178267e-02,   0.00000000e+00,\n",
       "            9.80409428e-01]],\n",
       " \n",
       "        [[  9.41366862e-01,   2.07789686e-02,   1.81551592e-01,\n",
       "            2.75231491e-02,   0.00000000e+00,  -2.04960963e-02,\n",
       "            9.17495912e-02,  -2.25176460e-02,   7.37247500e-02,\n",
       "           -1.59844473e-02],\n",
       "         [  2.07789686e-02,   1.10632724e+00,   7.40533637e-02,\n",
       "            1.01299527e-01,  -8.29579233e-02,   1.48802795e-01,\n",
       "           -0.00000000e+00,  -0.00000000e+00,  -4.42477105e-02,\n",
       "           -3.85006467e-03],\n",
       "         [  1.81551592e-01,   7.40533637e-02,   8.61413431e-01,\n",
       "            9.27294785e-02,  -0.00000000e+00,   3.33608236e-02,\n",
       "            0.00000000e+00,   6.87217046e-02,  -0.00000000e+00,\n",
       "           -0.00000000e+00],\n",
       "         [  2.75231491e-02,   1.01299527e-01,   9.27294785e-02,\n",
       "            1.14444798e+00,   4.84219820e-02,  -0.00000000e+00,\n",
       "           -1.77398773e-01,  -6.34541388e-03,   0.00000000e+00,\n",
       "            1.91436084e-01],\n",
       "         [  0.00000000e+00,  -8.29579233e-02,  -0.00000000e+00,\n",
       "            4.84219820e-02,   1.05871562e+00,   1.16970461e-02,\n",
       "           -1.12532001e-01,   3.21510093e-01,  -2.36995504e-02,\n",
       "           -1.67969086e-01],\n",
       "         [ -2.04960963e-02,   1.48802795e-01,   3.33608236e-02,\n",
       "           -0.00000000e+00,   1.16970461e-02,   1.14210456e+00,\n",
       "            2.89989670e-03,  -0.00000000e+00,   1.81117736e-01,\n",
       "            1.49394901e-01],\n",
       "         [  9.17495912e-02,  -0.00000000e+00,   0.00000000e+00,\n",
       "           -1.77398773e-01,  -1.12532001e-01,   2.89989670e-03,\n",
       "            1.16830518e+00,   2.13659540e-01,   3.02390510e-01,\n",
       "           -0.00000000e+00],\n",
       "         [ -2.25176460e-02,  -0.00000000e+00,   6.87217046e-02,\n",
       "           -6.34541388e-03,   3.21510093e-01,  -0.00000000e+00,\n",
       "            2.13659540e-01,   1.07612755e+00,   2.28004508e-02,\n",
       "            1.63887749e-01],\n",
       "         [  7.37247500e-02,  -4.42477105e-02,  -0.00000000e+00,\n",
       "            0.00000000e+00,  -2.36995504e-02,   1.81117736e-01,\n",
       "            3.02390510e-01,   2.28004508e-02,   1.04485502e+00,\n",
       "            9.95702770e-02],\n",
       "         [ -1.59844473e-02,  -3.85006467e-03,  -0.00000000e+00,\n",
       "            1.91436084e-01,  -1.67969086e-01,   1.49394901e-01,\n",
       "           -0.00000000e+00,   1.63887749e-01,   9.95702770e-02,\n",
       "            1.02750110e+00]],\n",
       " \n",
       "        [[  1.22729716e+00,   2.21965855e-01,   1.10202126e-01,\n",
       "           -1.35555388e-01,   1.14290154e-02,   0.00000000e+00,\n",
       "           -2.21366650e-02,  -0.00000000e+00,  -0.00000000e+00,\n",
       "           -0.00000000e+00],\n",
       "         [  2.21965855e-01,   1.07045761e+00,   2.16333242e-02,\n",
       "            0.00000000e+00,   0.00000000e+00,   9.33554240e-02,\n",
       "           -3.15508873e-02,   2.66175885e-02,  -0.00000000e+00,\n",
       "           -2.74339864e-02],\n",
       "         [  1.10202126e-01,   2.16333242e-02,   1.10044773e+00,\n",
       "            3.09482856e-02,  -1.38808069e-01,   5.69947973e-02,\n",
       "            0.00000000e+00,   7.15953572e-02,  -2.43642203e-02,\n",
       "           -2.24665579e-02],\n",
       "         [ -1.35555388e-01,   0.00000000e+00,   3.09482856e-02,\n",
       "            9.97269050e-01,  -0.00000000e+00,  -0.00000000e+00,\n",
       "            0.00000000e+00,  -1.26702001e-01,   1.06736180e-01,\n",
       "            0.00000000e+00],\n",
       "         [  1.14290154e-02,   0.00000000e+00,  -1.38808069e-01,\n",
       "           -0.00000000e+00,   1.27699432e+00,  -4.23710733e-03,\n",
       "            3.74467408e-02,   2.09715785e-01,  -6.05728894e-02,\n",
       "           -1.78358411e-01],\n",
       "         [  0.00000000e+00,   9.33554240e-02,   5.69947973e-02,\n",
       "           -0.00000000e+00,  -4.23710733e-03,   9.79201364e-01,\n",
       "           -2.12397776e-02,   1.37406497e-01,   2.26764928e-01,\n",
       "            5.25989159e-02],\n",
       "         [ -2.21366650e-02,  -3.15508873e-02,   0.00000000e+00,\n",
       "            0.00000000e+00,   3.74467408e-02,  -2.12397776e-02,\n",
       "            8.37053132e-01,   1.62990348e-01,   2.44408999e-01,\n",
       "           -4.81666323e-02],\n",
       "         [ -0.00000000e+00,   2.66175885e-02,   7.15953572e-02,\n",
       "           -1.26702001e-01,   2.09715785e-01,   1.37406497e-01,\n",
       "            1.62990348e-01,   1.14241251e+00,   0.00000000e+00,\n",
       "            0.00000000e+00],\n",
       "         [ -0.00000000e+00,  -0.00000000e+00,  -2.43642203e-02,\n",
       "            1.06736180e-01,  -6.05728894e-02,   2.26764928e-01,\n",
       "            2.44408999e-01,   0.00000000e+00,   1.18246692e+00,\n",
       "           -8.66402949e-02],\n",
       "         [ -0.00000000e+00,  -2.74339864e-02,  -2.24665579e-02,\n",
       "            0.00000000e+00,  -1.78358411e-01,   5.25989159e-02,\n",
       "           -4.81666323e-02,   0.00000000e+00,  -8.66402949e-02,\n",
       "            1.07171419e+00]],\n",
       " \n",
       "        [[  8.05694448e-01,   2.62239884e-02,   0.00000000e+00,\n",
       "            3.18777251e-02,  -3.11765832e-02,  -0.00000000e+00,\n",
       "           -5.64430777e-03,   5.08032468e-02,   0.00000000e+00,\n",
       "           -0.00000000e+00],\n",
       "         [  2.62239884e-02,   9.45536361e-01,   1.39077357e-01,\n",
       "           -1.70565758e-02,   2.04178764e-01,   0.00000000e+00,\n",
       "           -6.99405104e-02,  -0.00000000e+00,   3.48540388e-02,\n",
       "           -3.15665939e-02],\n",
       "         [  0.00000000e+00,   1.39077357e-01,   9.91242024e-01,\n",
       "           -0.00000000e+00,   2.64252900e-02,   0.00000000e+00,\n",
       "           -0.00000000e+00,  -3.78253253e-03,  -1.83046210e-01,\n",
       "            1.35935166e-02],\n",
       "         [  3.18777251e-02,  -1.70565758e-02,  -0.00000000e+00,\n",
       "            9.39432716e-01,   4.26169536e-02,  -0.00000000e+00,\n",
       "            0.00000000e+00,   1.00019790e-01,   0.00000000e+00,\n",
       "            3.29516098e-02],\n",
       "         [ -3.11765832e-02,   2.04178764e-01,   2.64252900e-02,\n",
       "            4.26169536e-02,   1.22085266e+00,   0.00000000e+00,\n",
       "            6.96224831e-02,   0.00000000e+00,   0.00000000e+00,\n",
       "           -0.00000000e+00],\n",
       "         [ -0.00000000e+00,   0.00000000e+00,   0.00000000e+00,\n",
       "           -0.00000000e+00,   0.00000000e+00,   9.39375704e-01,\n",
       "           -6.60333286e-02,  -3.16674847e-02,   2.78163947e-01,\n",
       "           -0.00000000e+00],\n",
       "         [ -5.64430777e-03,  -6.99405104e-02,  -0.00000000e+00,\n",
       "            0.00000000e+00,   6.96224831e-02,  -6.60333286e-02,\n",
       "            1.07721436e+00,   1.65680557e-01,   4.02102459e-01,\n",
       "            1.02150385e-01],\n",
       "         [  5.08032468e-02,  -0.00000000e+00,  -3.78253253e-03,\n",
       "            1.00019790e-01,   0.00000000e+00,  -3.16674847e-02,\n",
       "            1.65680557e-01,   8.90331371e-01,   0.00000000e+00,\n",
       "           -8.02752577e-03],\n",
       "         [  0.00000000e+00,   3.48540388e-02,  -1.83046210e-01,\n",
       "            0.00000000e+00,   0.00000000e+00,   2.78163947e-01,\n",
       "            4.02102459e-01,   0.00000000e+00,   1.25099908e+00,\n",
       "            0.00000000e+00],\n",
       "         [ -0.00000000e+00,  -3.15665939e-02,   1.35935166e-02,\n",
       "            3.29516098e-02,  -0.00000000e+00,  -0.00000000e+00,\n",
       "            1.02150385e-01,  -8.02752577e-03,   0.00000000e+00,\n",
       "            9.89316504e-01]],\n",
       " \n",
       "        [[  1.04012798e+00,  -0.00000000e+00,  -0.00000000e+00,\n",
       "            3.70029233e-03,   0.00000000e+00,  -0.00000000e+00,\n",
       "            6.10702824e-03,  -9.58096213e-02,  -5.71057424e-02,\n",
       "            0.00000000e+00],\n",
       "         [ -0.00000000e+00,   1.06912299e+00,  -4.96831695e-02,\n",
       "           -0.00000000e+00,   2.36283681e-02,  -0.00000000e+00,\n",
       "           -4.38877583e-02,  -0.00000000e+00,  -1.10320692e-01,\n",
       "           -2.40726846e-02],\n",
       "         [ -0.00000000e+00,  -4.96831695e-02,   1.07737610e+00,\n",
       "           -0.00000000e+00,  -5.45054463e-02,  -6.46413283e-02,\n",
       "            1.25737246e-01,  -1.57604454e-02,   0.00000000e+00,\n",
       "            0.00000000e+00],\n",
       "         [  3.70029233e-03,  -0.00000000e+00,  -0.00000000e+00,\n",
       "            9.61110101e-01,   7.21267447e-02,   6.00175756e-02,\n",
       "            8.06803374e-02,  -6.59897707e-02,   0.00000000e+00,\n",
       "           -0.00000000e+00],\n",
       "         [  0.00000000e+00,   2.36283681e-02,  -5.45054463e-02,\n",
       "            7.21267447e-02,   8.23858238e-01,  -2.77047104e-02,\n",
       "           -3.90856389e-03,  -5.58175383e-02,   0.00000000e+00,\n",
       "           -6.37524701e-02],\n",
       "         [ -0.00000000e+00,  -0.00000000e+00,  -6.46413283e-02,\n",
       "            6.00175756e-02,  -2.77047104e-02,   9.68380153e-01,\n",
       "           -0.00000000e+00,   0.00000000e+00,   1.75003285e-01,\n",
       "           -2.69061316e-02],\n",
       "         [  6.10702824e-03,  -4.38877583e-02,   1.25737246e-01,\n",
       "            8.06803374e-02,  -3.90856389e-03,  -0.00000000e+00,\n",
       "            9.98886703e-01,   2.54692450e-01,   0.00000000e+00,\n",
       "            0.00000000e+00],\n",
       "         [ -9.58096213e-02,  -0.00000000e+00,  -1.57604454e-02,\n",
       "           -6.59897707e-02,  -5.58175383e-02,   0.00000000e+00,\n",
       "            2.54692450e-01,   1.01565319e+00,  -2.33964865e-02,\n",
       "            0.00000000e+00],\n",
       "         [ -5.71057424e-02,  -1.10320692e-01,   0.00000000e+00,\n",
       "            0.00000000e+00,   0.00000000e+00,   1.75003285e-01,\n",
       "            0.00000000e+00,  -2.33964865e-02,   1.09510084e+00,\n",
       "            1.16129138e-02],\n",
       "         [  0.00000000e+00,  -2.40726846e-02,   0.00000000e+00,\n",
       "           -0.00000000e+00,  -6.37524701e-02,  -2.69061316e-02,\n",
       "            0.00000000e+00,   0.00000000e+00,   1.16129138e-02,\n",
       "            1.03277666e+00]],\n",
       " \n",
       "        [[  1.17054612e+00,   5.70517867e-04,  -2.97144919e-02,\n",
       "           -0.00000000e+00,  -0.00000000e+00,   0.00000000e+00,\n",
       "           -1.06957224e-01,   0.00000000e+00,  -5.62411784e-02,\n",
       "            2.51701102e-01],\n",
       "         [  5.70517867e-04,   1.18010919e+00,  -2.53717881e-02,\n",
       "           -0.00000000e+00,  -1.98671780e-02,  -1.24223028e-01,\n",
       "            1.21925302e-01,  -1.10690661e-01,   1.12829869e-02,\n",
       "           -0.00000000e+00],\n",
       "         [ -2.97144919e-02,  -2.53717881e-02,   1.24316226e+00,\n",
       "           -0.00000000e+00,   0.00000000e+00,   1.46917315e-02,\n",
       "            1.62143217e-01,  -0.00000000e+00,   0.00000000e+00,\n",
       "           -1.08436561e-01],\n",
       "         [ -0.00000000e+00,  -0.00000000e+00,  -0.00000000e+00,\n",
       "            1.25331198e+00,  -0.00000000e+00,  -0.00000000e+00,\n",
       "           -0.00000000e+00,  -3.17634667e-02,  -0.00000000e+00,\n",
       "           -9.48581930e-02],\n",
       "         [ -0.00000000e+00,  -1.98671780e-02,   0.00000000e+00,\n",
       "           -0.00000000e+00,   1.05808621e+00,  -0.00000000e+00,\n",
       "            1.27618039e-01,  -5.77769612e-02,  -0.00000000e+00,\n",
       "           -4.37415510e-03],\n",
       "         [  0.00000000e+00,  -1.24223028e-01,   1.46917315e-02,\n",
       "           -0.00000000e+00,  -0.00000000e+00,   8.91148813e-01,\n",
       "           -1.03486763e-01,  -3.52123266e-02,   2.45578423e-01,\n",
       "            0.00000000e+00],\n",
       "         [ -1.06957224e-01,   1.21925302e-01,   1.62143217e-01,\n",
       "           -0.00000000e+00,   1.27618039e-01,  -1.03486763e-01,\n",
       "            1.23705681e+00,   2.22433043e-02,   2.53535307e-02,\n",
       "           -0.00000000e+00],\n",
       "         [  0.00000000e+00,  -1.10690661e-01,  -0.00000000e+00,\n",
       "           -3.17634667e-02,  -5.77769612e-02,  -3.52123266e-02,\n",
       "            2.22433043e-02,   8.64935189e-01,  -0.00000000e+00,\n",
       "           -9.20659728e-02],\n",
       "         [ -5.62411784e-02,   1.12829869e-02,   0.00000000e+00,\n",
       "           -0.00000000e+00,  -0.00000000e+00,   2.45578423e-01,\n",
       "            2.53535307e-02,  -0.00000000e+00,   1.04599781e+00,\n",
       "           -1.31577633e-01],\n",
       "         [  2.51701102e-01,  -0.00000000e+00,  -1.08436561e-01,\n",
       "           -9.48581930e-02,  -4.37415510e-03,   0.00000000e+00,\n",
       "           -0.00000000e+00,  -9.20659728e-02,  -1.31577633e-01,\n",
       "            1.25260454e+00]],\n",
       " \n",
       "        [[  1.06719173e+00,   7.89374570e-02,  -0.00000000e+00,\n",
       "            0.00000000e+00,  -3.40114991e-02,   0.00000000e+00,\n",
       "           -1.89315854e-02,   0.00000000e+00,   0.00000000e+00,\n",
       "           -0.00000000e+00],\n",
       "         [  7.89374570e-02,   1.08217082e+00,  -3.97491457e-02,\n",
       "            0.00000000e+00,  -0.00000000e+00,  -3.81432182e-02,\n",
       "           -1.70174767e-01,  -1.48904206e-01,  -1.21679958e-01,\n",
       "           -8.74516933e-02],\n",
       "         [ -0.00000000e+00,  -3.97491457e-02,   1.06219622e+00,\n",
       "            0.00000000e+00,   5.44262213e-03,  -0.00000000e+00,\n",
       "            2.14417002e-02,  -1.27012600e-01,   0.00000000e+00,\n",
       "           -2.92793678e-02],\n",
       "         [  0.00000000e+00,   0.00000000e+00,   0.00000000e+00,\n",
       "            9.87226036e-01,   8.14129914e-03,   0.00000000e+00,\n",
       "            2.25601337e-02,  -3.91723813e-02,  -0.00000000e+00,\n",
       "           -1.45550922e-02],\n",
       "         [ -3.40114991e-02,  -0.00000000e+00,   5.44262213e-03,\n",
       "            8.14129914e-03,   1.01996684e+00,   4.34633793e-02,\n",
       "            0.00000000e+00,   0.00000000e+00,  -0.00000000e+00,\n",
       "           -7.27586019e-02],\n",
       "         [  0.00000000e+00,  -3.81432182e-02,  -0.00000000e+00,\n",
       "            0.00000000e+00,   4.34633793e-02,   1.18318734e+00,\n",
       "           -6.20010172e-03,  -0.00000000e+00,   3.31416993e-01,\n",
       "            0.00000000e+00],\n",
       "         [ -1.89315854e-02,  -1.70174767e-01,   2.14417002e-02,\n",
       "            2.25601337e-02,   0.00000000e+00,  -6.20010172e-03,\n",
       "            9.84697949e-01,   1.81448876e-01,  -6.56539254e-03,\n",
       "            3.89989173e-03],\n",
       "         [  0.00000000e+00,  -1.48904206e-01,  -1.27012600e-01,\n",
       "           -3.91723813e-02,   0.00000000e+00,  -0.00000000e+00,\n",
       "            1.81448876e-01,   9.90770615e-01,  -7.31162443e-02,\n",
       "           -0.00000000e+00],\n",
       "         [  0.00000000e+00,  -1.21679958e-01,   0.00000000e+00,\n",
       "           -0.00000000e+00,  -0.00000000e+00,   3.31416993e-01,\n",
       "           -6.56539254e-03,  -7.31162443e-02,   9.65054744e-01,\n",
       "           -0.00000000e+00],\n",
       "         [ -0.00000000e+00,  -8.74516933e-02,  -2.92793678e-02,\n",
       "           -1.45550922e-02,  -7.27586019e-02,   0.00000000e+00,\n",
       "            3.89989173e-03,  -0.00000000e+00,  -0.00000000e+00,\n",
       "            1.04909813e+00]],\n",
       " \n",
       "        [[  9.35724850e-01,   0.00000000e+00,   2.34088980e-02,\n",
       "           -1.61527542e-01,   2.13309008e-02,   1.38445285e-01,\n",
       "            0.00000000e+00,  -4.72800891e-02,   0.00000000e+00,\n",
       "            6.52859190e-02],\n",
       "         [  0.00000000e+00,   7.87075915e-01,   0.00000000e+00,\n",
       "            0.00000000e+00,  -1.19152215e-01,  -0.00000000e+00,\n",
       "           -1.37617282e-02,  -1.96848175e-03,  -0.00000000e+00,\n",
       "            1.32592447e-02],\n",
       "         [  2.34088980e-02,   0.00000000e+00,   9.04783455e-01,\n",
       "           -9.15885043e-03,  -9.86587096e-02,  -1.23980254e-01,\n",
       "           -0.00000000e+00,  -1.80360872e-02,   1.76784665e-02,\n",
       "            0.00000000e+00],\n",
       "         [ -1.61527542e-01,   0.00000000e+00,  -9.15885043e-03,\n",
       "            9.82628750e-01,   5.02329219e-02,   5.41377666e-02,\n",
       "            3.49168911e-02,   0.00000000e+00,  -2.01935073e-02,\n",
       "            0.00000000e+00],\n",
       "         [  2.13309008e-02,  -1.19152215e-01,  -9.86587096e-02,\n",
       "            5.02329219e-02,   8.67217505e-01,  -0.00000000e+00,\n",
       "            7.08669187e-02,   1.96226738e-02,  -2.03554740e-03,\n",
       "           -4.84393768e-02],\n",
       "         [  1.38445285e-01,  -0.00000000e+00,  -1.23980254e-01,\n",
       "            5.41377666e-02,  -0.00000000e+00,   1.30325612e+00,\n",
       "            0.00000000e+00,   0.00000000e+00,   3.56671661e-01,\n",
       "           -5.95306746e-03],\n",
       "         [  0.00000000e+00,  -1.37617282e-02,  -0.00000000e+00,\n",
       "            3.49168911e-02,   7.08669187e-02,   0.00000000e+00,\n",
       "            9.03634681e-01,   2.23690483e-01,  -1.65325522e-01,\n",
       "           -1.93026947e-01],\n",
       "         [ -4.72800891e-02,  -1.96848175e-03,  -1.80360872e-02,\n",
       "            0.00000000e+00,   1.96226738e-02,   0.00000000e+00,\n",
       "            2.23690483e-01,   9.85003429e-01,  -0.00000000e+00,\n",
       "           -0.00000000e+00],\n",
       "         [  0.00000000e+00,  -0.00000000e+00,   1.76784665e-02,\n",
       "           -2.01935073e-02,  -2.03554740e-03,   3.56671661e-01,\n",
       "           -1.65325522e-01,  -0.00000000e+00,   1.25577438e+00,\n",
       "            2.62514946e-02],\n",
       "         [  6.52859190e-02,   1.32592447e-02,   0.00000000e+00,\n",
       "            0.00000000e+00,  -4.84393768e-02,  -5.95306746e-03,\n",
       "           -1.93026947e-01,  -0.00000000e+00,   2.62514946e-02,\n",
       "            1.08599044e+00]],\n",
       " \n",
       "        [[  9.43716152e-01,  -4.00611787e-02,  -0.00000000e+00,\n",
       "            6.99116189e-02,   0.00000000e+00,  -2.71733062e-02,\n",
       "            5.79215069e-02,  -0.00000000e+00,   8.03333001e-02,\n",
       "            0.00000000e+00],\n",
       "         [ -4.00611787e-02,   8.17614734e-01,   6.34624027e-02,\n",
       "           -0.00000000e+00,   0.00000000e+00,  -4.29073899e-02,\n",
       "            0.00000000e+00,   2.82274016e-02,   1.83723311e-02,\n",
       "            0.00000000e+00],\n",
       "         [ -0.00000000e+00,   6.34624027e-02,   9.83387278e-01,\n",
       "           -0.00000000e+00,  -1.00925944e-01,   0.00000000e+00,\n",
       "            2.98333866e-02,  -2.76322133e-02,  -1.49980839e-01,\n",
       "            1.46558133e-02],\n",
       "         [  6.99116189e-02,  -0.00000000e+00,  -0.00000000e+00,\n",
       "            9.67217235e-01,  -7.84142129e-02,  -0.00000000e+00,\n",
       "           -0.00000000e+00,   0.00000000e+00,  -3.80941397e-02,\n",
       "            5.49299424e-02],\n",
       "         [  0.00000000e+00,   0.00000000e+00,  -1.00925944e-01,\n",
       "           -7.84142129e-02,   1.00530136e+00,   1.46801573e-03,\n",
       "           -6.49708237e-02,   7.06759593e-02,  -8.03164472e-02,\n",
       "            6.98321924e-03],\n",
       "         [ -2.71733062e-02,  -4.29073899e-02,   0.00000000e+00,\n",
       "           -0.00000000e+00,   1.46801573e-03,   1.13504054e+00,\n",
       "            0.00000000e+00,  -1.15592118e-01,   1.25812663e-01,\n",
       "            0.00000000e+00],\n",
       "         [  5.79215069e-02,   0.00000000e+00,   2.98333866e-02,\n",
       "           -0.00000000e+00,  -6.49708237e-02,   0.00000000e+00,\n",
       "            1.01171738e+00,   1.31722772e-02,   0.00000000e+00,\n",
       "           -0.00000000e+00],\n",
       "         [ -0.00000000e+00,   2.82274016e-02,  -2.76322133e-02,\n",
       "            0.00000000e+00,   7.06759593e-02,  -1.15592118e-01,\n",
       "            1.31722772e-02,   9.36468187e-01,   1.52141688e-01,\n",
       "            1.63307881e-01],\n",
       "         [  8.03333001e-02,   1.83723311e-02,  -1.49980839e-01,\n",
       "           -3.80941397e-02,  -8.03164472e-02,   1.25812663e-01,\n",
       "            0.00000000e+00,   1.52141688e-01,   9.64466720e-01,\n",
       "           -0.00000000e+00],\n",
       "         [  0.00000000e+00,   0.00000000e+00,   1.46558133e-02,\n",
       "            5.49299424e-02,   6.98321924e-03,   0.00000000e+00,\n",
       "           -0.00000000e+00,   1.63307881e-01,  -0.00000000e+00,\n",
       "            1.13992725e+00]]]),\n",
       " array([[[ 0.,  0.,  0.,  0.,  0.,  0.,  0.,  0.,  0.,  0.],\n",
       "         [ 0.,  0.,  0.,  0.,  0.,  0.,  0.,  0.,  0.,  0.],\n",
       "         [ 0.,  0.,  0.,  0.,  0.,  0.,  0.,  0.,  0.,  0.],\n",
       "         [ 0.,  0.,  0.,  0.,  0.,  0.,  0.,  0.,  0.,  0.],\n",
       "         [ 0.,  0.,  0.,  0.,  0.,  0.,  0.,  0.,  0.,  0.],\n",
       "         [ 0.,  0.,  0.,  0.,  0.,  0.,  0.,  0.,  0.,  0.],\n",
       "         [ 0.,  0.,  0.,  0.,  0.,  0.,  0.,  0.,  0.,  0.],\n",
       "         [ 0.,  0.,  0.,  0.,  0.,  0.,  0.,  0.,  0.,  0.],\n",
       "         [ 0.,  0.,  0.,  0.,  0.,  0.,  0.,  0.,  0.,  0.],\n",
       "         [ 0.,  0.,  0.,  0.,  0.,  0.,  0.,  0.,  0.,  0.]],\n",
       " \n",
       "        [[ 0.,  0.,  0.,  0.,  0.,  0.,  0.,  0.,  0.,  0.],\n",
       "         [ 0.,  0.,  0.,  0.,  0.,  0.,  0.,  0.,  0.,  0.],\n",
       "         [ 0.,  0.,  0.,  0.,  0.,  0.,  0.,  0.,  0.,  0.],\n",
       "         [ 0.,  0.,  0.,  0.,  0.,  0.,  0.,  0.,  0.,  0.],\n",
       "         [ 0.,  0.,  0.,  0.,  0.,  0.,  0.,  0.,  0.,  0.],\n",
       "         [ 0.,  0.,  0.,  0.,  0.,  0.,  0.,  0.,  0.,  0.],\n",
       "         [ 0.,  0.,  0.,  0.,  0.,  0.,  0.,  0.,  0.,  0.],\n",
       "         [ 0.,  0.,  0.,  0.,  0.,  0.,  0.,  0.,  0.,  0.],\n",
       "         [ 0.,  0.,  0.,  0.,  0.,  0.,  0.,  0.,  0.,  0.],\n",
       "         [ 0.,  0.,  0.,  0.,  0.,  0.,  0.,  0.,  0.,  0.]],\n",
       " \n",
       "        [[ 0.,  0.,  0.,  0.,  0.,  0.,  0.,  0.,  0.,  0.],\n",
       "         [ 0.,  0.,  0.,  0.,  0.,  0.,  0.,  0.,  0.,  0.],\n",
       "         [ 0.,  0.,  0.,  0.,  0.,  0.,  0.,  0.,  0.,  0.],\n",
       "         [ 0.,  0.,  0.,  0.,  0.,  0.,  0.,  0.,  0.,  0.],\n",
       "         [ 0.,  0.,  0.,  0.,  0.,  0.,  0.,  0.,  0.,  0.],\n",
       "         [ 0.,  0.,  0.,  0.,  0.,  0.,  0.,  0.,  0.,  0.],\n",
       "         [ 0.,  0.,  0.,  0.,  0.,  0.,  0.,  0.,  0.,  0.],\n",
       "         [ 0.,  0.,  0.,  0.,  0.,  0.,  0.,  0.,  0.,  0.],\n",
       "         [ 0.,  0.,  0.,  0.,  0.,  0.,  0.,  0.,  0.,  0.],\n",
       "         [ 0.,  0.,  0.,  0.,  0.,  0.,  0.,  0.,  0.,  0.]],\n",
       " \n",
       "        [[ 0.,  0.,  0.,  0.,  0.,  0.,  0.,  0.,  0.,  0.],\n",
       "         [ 0.,  0.,  0.,  0.,  0.,  0.,  0.,  0.,  0.,  0.],\n",
       "         [ 0.,  0.,  0.,  0.,  0.,  0.,  0.,  0.,  0.,  0.],\n",
       "         [ 0.,  0.,  0.,  0.,  0.,  0.,  0.,  0.,  0.,  0.],\n",
       "         [ 0.,  0.,  0.,  0.,  0.,  0.,  0.,  0.,  0.,  0.],\n",
       "         [ 0.,  0.,  0.,  0.,  0.,  0.,  0.,  0.,  0.,  0.],\n",
       "         [ 0.,  0.,  0.,  0.,  0.,  0.,  0.,  0.,  0.,  0.],\n",
       "         [ 0.,  0.,  0.,  0.,  0.,  0.,  0.,  0.,  0.,  0.],\n",
       "         [ 0.,  0.,  0.,  0.,  0.,  0.,  0.,  0.,  0.,  0.],\n",
       "         [ 0.,  0.,  0.,  0.,  0.,  0.,  0.,  0.,  0.,  0.]],\n",
       " \n",
       "        [[ 0.,  0.,  0.,  0.,  0.,  0.,  0.,  0.,  0.,  0.],\n",
       "         [ 0.,  0.,  0.,  0.,  0.,  0.,  0.,  0.,  0.,  0.],\n",
       "         [ 0.,  0.,  0.,  0.,  0.,  0.,  0.,  0.,  0.,  0.],\n",
       "         [ 0.,  0.,  0.,  0.,  0.,  0.,  0.,  0.,  0.,  0.],\n",
       "         [ 0.,  0.,  0.,  0.,  0.,  0.,  0.,  0.,  0.,  0.],\n",
       "         [ 0.,  0.,  0.,  0.,  0.,  0.,  0.,  0.,  0.,  0.],\n",
       "         [ 0.,  0.,  0.,  0.,  0.,  0.,  0.,  0.,  0.,  0.],\n",
       "         [ 0.,  0.,  0.,  0.,  0.,  0.,  0.,  0.,  0.,  0.],\n",
       "         [ 0.,  0.,  0.,  0.,  0.,  0.,  0.,  0.,  0.,  0.],\n",
       "         [ 0.,  0.,  0.,  0.,  0.,  0.,  0.,  0.,  0.,  0.]],\n",
       " \n",
       "        [[ 0.,  0.,  0.,  0.,  0.,  0.,  0.,  0.,  0.,  0.],\n",
       "         [ 0.,  0.,  0.,  0.,  0.,  0.,  0.,  0.,  0.,  0.],\n",
       "         [ 0.,  0.,  0.,  0.,  0.,  0.,  0.,  0.,  0.,  0.],\n",
       "         [ 0.,  0.,  0.,  0.,  0.,  0.,  0.,  0.,  0.,  0.],\n",
       "         [ 0.,  0.,  0.,  0.,  0.,  0.,  0.,  0.,  0.,  0.],\n",
       "         [ 0.,  0.,  0.,  0.,  0.,  0.,  0.,  0.,  0.,  0.],\n",
       "         [ 0.,  0.,  0.,  0.,  0.,  0.,  0.,  0.,  0.,  0.],\n",
       "         [ 0.,  0.,  0.,  0.,  0.,  0.,  0.,  0.,  0.,  0.],\n",
       "         [ 0.,  0.,  0.,  0.,  0.,  0.,  0.,  0.,  0.,  0.],\n",
