{
 "cells": [
  {
   "cell_type": "markdown",
   "metadata": {},
   "source": [
    "# Discriminant Analysis with REGAIN"
   ]
  },
  {
   "cell_type": "code",
   "execution_count": 1,
   "metadata": {},
   "outputs": [],
   "source": [
    "import numpy as np\n",
    "from regain.datasets import make_dataset"
   ]
  },
  {
   "cell_type": "code",
   "execution_count": 26,
   "metadata": {},
   "outputs": [],
   "source": [
    "from sklearn.metrics import accuracy_score"
   ]
  },
  {
   "cell_type": "code",
   "execution_count": 75,
   "metadata": {},
   "outputs": [],
   "source": [
    "data = make_dataset(n_samples=500, mode='sin')"
   ]
  },
  {
   "cell_type": "code",
   "execution_count": 76,
   "metadata": {},
   "outputs": [],
   "source": [
    "c_data = np.vstack(data.data)"
   ]
  },
  {
   "cell_type": "code",
   "execution_count": 77,
   "metadata": {},
   "outputs": [],
   "source": [
    "n_time = data.data.shape[0]"
   ]
  },
  {
   "cell_type": "code",
   "execution_count": 78,
   "metadata": {},
   "outputs": [],
   "source": [
    "y = np.repeat(np.arange(n_time), [X.shape[0] for X in data.data])"
   ]
  },
  {
   "cell_type": "code",
   "execution_count": 79,
   "metadata": {},
   "outputs": [],
   "source": [
    "from sklearn.model_selection import train_test_split\n",
    "X_train, X_test, y_train, y_test = train_test_split(\n",
    "    c_data, y, test_size=0.1, random_state=42)"
   ]
  },
  {
   "cell_type": "code",
   "execution_count": 130,
   "metadata": {},
   "outputs": [],
   "source": [
    "from regain import discriminant_analysis; reload(discriminant_analysis);\n",
    "\n",
    "da = discriminant_analysis.DiscriminantAnalysis(beta=0, alpha=1.5).fit(X_train, y_train)"
   ]
  },
  {
   "cell_type": "code",
   "execution_count": 131,
   "metadata": {},
   "outputs": [],
   "source": [
    "y_pred = da.predict(X_test)"
   ]
  },
  {
   "cell_type": "code",
   "execution_count": 132,
   "metadata": {},
   "outputs": [
    {
     "data": {
      "text/plain": [
       "0.342"
      ]
     },
     "execution_count": 132,
     "metadata": {},
     "output_type": "execute_result"
    }
   ],
   "source": [
    "accuracy_score(y_test, y_pred)"
   ]
  },
  {
   "cell_type": "code",
   "execution_count": 106,
   "metadata": {},
   "outputs": [],
   "source": [
    "from sklearn.discriminant_analysis import QuadraticDiscriminantAnalysis\n",
    "\n",
    "qda = QuadraticDiscriminantAnalysis(store_covariance=True, reg_param=0.5).fit(X_train, y_train)"
   ]
  },
  {
   "cell_type": "code",
   "execution_count": 107,
   "metadata": {},
   "outputs": [
    {
     "name": "stdout",
     "output_type": "stream",
     "text": [
      "[-66.45089688 -64.93031    -65.05210059 -65.04021896 -64.96543616\n",
      " -65.07758156 -65.15486544 -65.00117334 -64.8200509  -65.03301756]\n"
     ]
    },
    {
     "data": {
      "text/plain": [
       "0.126"
      ]
     },
     "execution_count": 107,
     "metadata": {},
     "output_type": "execute_result"
    }
   ],
   "source": [
    "y_pred = qda.predict(X_test)\n",
    "accuracy_score(y_test, y_pred)"
   ]
  },
  {
   "cell_type": "code",
   "execution_count": 108,
   "metadata": {
    "scrolled": true
   },
   "outputs": [
    {
     "data": {
      "text/plain": [
       "array([[[ 2.88438168e-02,  1.73841319e-03,  1.64061663e-03, ...,\n",
       "          3.37194752e-05,  6.17808868e-04, -2.60012363e-04],\n",
       "        [ 1.73841319e-03,  2.57499315e-02,  1.42649414e-03, ...,\n",
       "         -3.43419698e-04, -3.71160805e-04,  2.85682657e-04],\n",
       "        [ 1.64061663e-03,  1.42649414e-03,  2.88378999e-02, ...,\n",
       "          2.23449118e-03, -2.63246753e-04, -8.04562528e-04],\n",
       "        ...,\n",
       "        [ 3.37194752e-05, -3.43419698e-04,  2.23449118e-03, ...,\n",
       "          2.76828123e-02,  4.28376771e-05, -3.37522951e-04],\n",
       "        [ 6.17808868e-04, -3.71160805e-04, -2.63246753e-04, ...,\n",
       "          4.28376771e-05,  2.85965933e-02,  1.19471647e-03],\n",
       "        [-2.60012363e-04,  2.85682657e-04, -8.04562528e-04, ...,\n",
       "         -3.37522951e-04,  1.19471647e-03,  2.83302112e-02]],\n",
       "\n",
       "       [[ 5.07472081e-02, -1.03068732e-04,  1.04904821e-03, ...,\n",
       "          2.39825292e-03,  3.37275605e-03,  1.43596726e-03],\n",
       "        [-1.03068732e-04,  4.81840032e-02,  1.93335941e-03, ...,\n",
       "         -3.55611344e-03, -5.44259231e-03, -1.66019799e-03],\n",
       "        [ 1.04904821e-03,  1.93335941e-03,  4.76072990e-02, ...,\n",
       "         -8.28042967e-04,  3.68912087e-03, -3.61970623e-04],\n",
       "        ...,\n",
       "        [ 2.39825292e-03, -3.55611344e-03, -8.28042967e-04, ...,\n",
       "          5.30323433e-02,  3.27915116e-04,  2.09504213e-03],\n",
       "        [ 3.37275605e-03, -5.44259231e-03,  3.68912087e-03, ...,\n",
       "          3.27915116e-04,  3.66292955e-02,  1.55938939e-03],\n",
       "        [ 1.43596726e-03, -1.66019799e-03, -3.61970623e-04, ...,\n",
       "          2.09504213e-03,  1.55938939e-03,  4.54186992e-02]],\n",
       "\n",
       "       [[ 5.22704229e-02, -1.22554523e-03,  5.43173054e-04, ...,\n",
       "         -2.33520227e-03,  3.08646239e-03, -2.78349051e-03],\n",
       "        [-1.22554523e-03,  4.28212631e-02,  1.09930332e-03, ...,\n",
       "         -9.43881731e-04,  8.34756891e-04,  1.02383509e-03],\n",
       "        [ 5.43173054e-04,  1.09930332e-03,  4.32182726e-02, ...,\n",
       "         -5.77354695e-04, -1.07531592e-03, -2.00225851e-03],\n",
       "        ...,\n",
       "        [-2.33520227e-03, -9.43881731e-04, -5.77354695e-04, ...,\n",
       "          3.65323945e-02,  2.38779435e-03, -1.19268407e-03],\n",
       "        [ 3.08646239e-03,  8.34756891e-04, -1.07531592e-03, ...,\n",
       "          2.38779435e-03,  4.92901445e-02,  4.19777429e-04],\n",
       "        [-2.78349051e-03,  1.02383509e-03, -2.00225851e-03, ...,\n",
       "         -1.19268407e-03,  4.19777429e-04,  4.25248897e-02]],\n",
       "\n",
       "       ...,\n",
       "\n",
       "       [[ 5.41074356e-02,  3.61358734e-04, -3.99358932e-03, ...,\n",
       "         -2.27804580e-03, -8.88733801e-04, -2.80758838e-03],\n",
       "        [ 3.61358734e-04,  4.71744810e-02,  2.49532213e-03, ...,\n",
       "         -3.06989184e-03, -8.19249963e-05,  3.92264292e-03],\n",
       "        [-3.99358932e-03,  2.49532213e-03,  4.35548167e-02, ...,\n",
       "         -3.65087101e-03, -3.79342608e-03,  9.97106139e-04],\n",
       "        ...,\n",
       "        [-2.27804580e-03, -3.06989184e-03, -3.65087101e-03, ...,\n",
       "          3.66571393e-02, -3.22849205e-03, -8.49111650e-05],\n",
       "        [-8.88733801e-04, -8.19249963e-05, -3.79342608e-03, ...,\n",
       "         -3.22849205e-03,  4.10664902e-02, -5.23129022e-04],\n",
       "        [-2.80758838e-03,  3.92264292e-03,  9.97106139e-04, ...,\n",
       "         -8.49111650e-05, -5.23129022e-04,  5.34921141e-02]],\n",
       "\n",
       "       [[ 4.60253452e-02, -2.04697985e-03, -4.58486812e-03, ...,\n",
       "          8.26629515e-05, -4.88921918e-04,  3.55099921e-04],\n",
       "        [-2.04697985e-03,  4.28622754e-02, -2.47596236e-03, ...,\n",
       "         -2.16712313e-03, -1.05328084e-04, -3.18585340e-03],\n",
       "        [-4.58486812e-03, -2.47596236e-03,  5.07044900e-02, ...,\n",
       "          2.04693297e-03,  8.08451752e-04, -2.89714256e-04],\n",
       "        ...,\n",
       "        [ 8.26629515e-05, -2.16712313e-03,  2.04693297e-03, ...,\n",
       "          4.04676011e-02, -1.82149235e-03,  1.55465928e-03],\n",
       "        [-4.88921918e-04, -1.05328084e-04,  8.08451752e-04, ...,\n",
       "         -1.82149235e-03,  4.79381035e-02,  8.06753487e-04],\n",
       "        [ 3.55099921e-04, -3.18585340e-03, -2.89714256e-04, ...,\n",
       "          1.55465928e-03,  8.06753487e-04,  4.41364548e-02]],\n",
       "\n",
       "       [[ 3.67671247e-02, -1.26817489e-03,  2.10111963e-04, ...,\n",
       "         -8.86482812e-04,  1.01727381e-03, -1.00885255e-04],\n",
       "        [-1.26817489e-03,  3.84390695e-02,  5.23837347e-04, ...,\n",
       "          2.86690138e-04, -1.35542955e-04,  4.52518719e-04],\n",
       "        [ 2.10111963e-04,  5.23837347e-04,  4.47498645e-02, ...,\n",
       "          1.04201785e-03, -2.04926588e-04, -2.49944817e-05],\n",
       "        ...,\n",
       "        [-8.86482812e-04,  2.86690138e-04,  1.04201785e-03, ...,\n",
       "          3.32502461e-02, -8.14936976e-05,  3.43141833e-03],\n",
       "        [ 1.01727381e-03, -1.35542955e-04, -2.04926588e-04, ...,\n",
       "         -8.14936976e-05,  3.82073359e-02, -2.83645597e-03],\n",
       "        [-1.00885255e-04,  4.52518719e-04, -2.49944817e-05, ...,\n",
       "          3.43141833e-03, -2.83645597e-03,  4.43131098e-02]]])"
      ]
     },
     "execution_count": 108,
     "metadata": {},
     "output_type": "execute_result"
    }
   ],
   "source": [
    "da.covariance_"
   ]
  },
  {
   "cell_type": "code",
   "execution_count": 101,
   "metadata": {},
   "outputs": [
    {
     "data": {
      "text/plain": [
       "[array([[ 0.02868688,  0.00196945,  0.00187464, ...,  0.00015664,\n",
       "          0.00084792, -0.00048837],\n",
       "        [ 0.00196945,  0.0255884 ,  0.00165891, ..., -0.0005728 ,\n",
       "         -0.00059945,  0.00051424],\n",
       "        [ 0.00187464,  0.00165891,  0.02868047, ...,  0.00246886,\n",
       "         -0.00049308, -0.00103535],\n",
       "        ...,\n",
       "        [ 0.00015664, -0.0005728 ,  0.00246886, ...,  0.02751962,\n",
       "          0.00021867, -0.00014175],\n",
       "        [ 0.00084792, -0.00059945, -0.00049308, ...,  0.00021867,\n",
       "          0.02843532,  0.00142588],\n",
       "        [-0.00048837,  0.00051424, -0.00103535, ..., -0.00014175,\n",
       "          0.00142588,  0.02817015]]),\n",
       " array([[ 5.06376435e-02, -2.05462612e-05,  1.27613932e-03, ...,\n",
       "          2.62856040e-03,  3.60530686e-03,  1.41170629e-03],\n",
       "        [-2.05462612e-05,  4.80683870e-02,  2.16233510e-03, ...,\n",
       "         -3.78876051e-03, -5.67924342e-03, -1.88882010e-03],\n",
       "        [ 1.27613932e-03,  2.16233510e-03,  4.74900246e-02, ...,\n",
       "         -1.05457046e-03,  3.92184848e-03, -5.87559106e-04],\n",
       "        ...,\n",
       "        [ 2.62856040e-03, -3.78876051e-03, -1.05457046e-03, ...,\n",
       "          5.29270876e-02,  1.04123038e-04,  2.32449422e-03],\n",
       "        [ 3.60530686e-03, -5.67924342e-03,  3.92184848e-03, ...,\n",
       "          1.04123038e-04,  3.64891621e-02,  1.78773392e-03],\n",
       "        [ 1.41170629e-03, -1.88882010e-03, -5.87559106e-04, ...,\n",
       "          2.32449422e-03,  1.78773392e-03,  4.52966453e-02]]),\n",
       " array([[ 0.05216424, -0.00100511,  0.00032118, ..., -0.00256384,\n",
       "          0.00331686, -0.0030131 ],\n",
       "        [-0.00100511,  0.0426943 ,  0.00132519, ..., -0.00116896,\n",
       "          0.00105978,  0.00117143],\n",
       "        [ 0.00032118,  0.00132519,  0.04309287, ..., -0.00080181,\n",
       "         -0.00130059, -0.00222973],\n",
       "        ...,\n",
       "        [-0.00256384, -0.00116896, -0.00080181, ...,  0.0363915 ,\n",
       "          0.00261647, -0.00141834],\n",
       "        [ 0.00331686,  0.00105978, -0.00130059, ...,  0.00261647,\n",
       "          0.04917744,  0.00064416],\n",
       "        [-0.0030131 ,  0.00117143, -0.00222973, ..., -0.00141834,\n",
       "          0.00064416,  0.04239705]]),\n",
       " array([[ 4.19426470e-02,  2.78488646e-03, -4.75623765e-04, ...,\n",
       "          8.18400381e-04, -1.65000203e-03,  6.06357194e-04],\n",
       "        [ 2.78488646e-03,  5.99221500e-02,  3.19406695e-03, ...,\n",
       "         -1.95489683e-03, -4.10716710e-03, -3.89885069e-03],\n",
       "        [-4.75623765e-04,  3.19406695e-03,  4.34010995e-02, ...,\n",
       "         -2.21540034e-03, -5.48838063e-03, -1.74856120e-03],\n",
       "        ...,\n",
       "        [ 8.18400381e-04, -1.95489683e-03, -2.21540034e-03, ...,\n",
       "          5.16292567e-02,  3.00779224e-05, -1.91452630e-03],\n",
       "        [-1.65000203e-03, -4.10716710e-03, -5.48838063e-03, ...,\n",
       "          3.00779224e-05,  4.27787787e-02,  8.43660121e-04],\n",
       "        [ 6.06357194e-04, -3.89885069e-03, -1.74856120e-03, ...,\n",
       "         -1.91452630e-03,  8.43660121e-04,  6.00419358e-02]]),\n",
       " array([[ 0.0494148 ,  0.00664501, -0.00101052, ..., -0.00367111,\n",
       "          0.00384478,  0.00070198],\n",
       "        [ 0.00664501,  0.05055344, -0.00200799, ..., -0.00092809,\n",
       "          0.00092635,  0.00203685],\n",
       "        [-0.00101052, -0.00200799,  0.04662694, ...,  0.00271475,\n",
       "         -0.00402297, -0.00369268],\n",
       "        ...,\n",
       "        [-0.00367111, -0.00092809,  0.00271475, ...,  0.04075068,\n",
       "          0.00443751, -0.00192918],\n",
       "        [ 0.00384478,  0.00092635, -0.00402297, ...,  0.00443751,\n",
       "          0.04058797,  0.00194139],\n",
       "        [ 0.00070198,  0.00203685, -0.00369268, ..., -0.00192918,\n",
       "          0.00194139,  0.04996968]]),\n",
       " array([[ 0.04791564, -0.00285481,  0.0015425 , ...,  0.0055476 ,\n",
       "          0.00156548,  0.00010901],\n",
       "        [-0.00285481,  0.04169136,  0.00307033, ...,  0.00225178,\n",
       "         -0.00309044,  0.00010838],\n",
       "        [ 0.0015425 ,  0.00307033,  0.03941098, ..., -0.00127129,\n",
       "          0.0032392 ,  0.00088058],\n",
       "        ...,\n",
       "        [ 0.0055476 ,  0.00225178, -0.00127129, ...,  0.03955209,\n",
       "          0.00426781, -0.00113593],\n",
       "        [ 0.00156548, -0.00309044,  0.0032392 , ...,  0.00426781,\n",
       "          0.0561668 , -0.00071244],\n",
       "        [ 0.00010901,  0.00010838,  0.00088058, ..., -0.00113593,\n",
       "         -0.00071244,  0.0324814 ]]),\n",
       " array([[ 3.93773471e-02,  1.03525641e-03, -1.95485831e-03, ...,\n",
       "          3.87798460e-03,  8.15673690e-04,  1.77151062e-03],\n",
       "        [ 1.03525641e-03,  3.93350042e-02, -7.72267388e-04, ...,\n",
       "         -1.79386251e-05, -1.69508816e-03, -2.41179638e-03],\n",
       "        [-1.95485831e-03, -7.72267388e-04,  3.56196122e-02, ...,\n",
       "         -1.70943882e-03, -5.75386816e-04,  3.72307636e-03],\n",
       "        ...,\n",
       "        [ 3.87798460e-03, -1.79386251e-05, -1.70943882e-03, ...,\n",
       "          4.74825760e-02, -2.12373414e-03, -7.44798321e-04],\n",
       "        [ 8.15673690e-04, -1.69508816e-03, -5.75386816e-04, ...,\n",
       "         -2.12373414e-03,  4.90166695e-02,  1.35816067e-03],\n",
       "        [ 1.77151062e-03, -2.41179638e-03,  3.72307636e-03, ...,\n",
       "         -7.44798321e-04,  1.35816067e-03,  3.99206819e-02]]),\n",
       " array([[ 0.0540046 ,  0.00058772, -0.00422782, ..., -0.00250837,\n",
       "         -0.00111563, -0.00303904],\n",
       "        [ 0.00058772,  0.04705696,  0.00272568, ..., -0.00330183,\n",
       "          0.000143  ,  0.0041564 ],\n",
       "        [-0.00422782,  0.00272568,  0.0434284 , ..., -0.00388363,\n",
       "         -0.00402685,  0.00077398],\n",
       "        ...,\n",
       "        [-0.00250837, -0.00330183, -0.00388363, ...,  0.03651625,\n",
       "         -0.00346069,  0.00014002],\n",
       "        [-0.00111563,  0.000143  , -0.00402685, ..., -0.00346069,\n",
       "          0.04093489, -0.0007494 ],\n",
       "        [-0.00303904,  0.0041564 ,  0.00077398, ...,  0.00014002,\n",
       "         -0.0007494 ,  0.05338763]]),\n",
       " array([[ 0.04590951, -0.00226746, -0.00481073, ..., -0.00013311,\n",
       "         -0.00070612,  0.00013981],\n",
       "        [-0.00226746,  0.04273926, -0.00244733, ..., -0.00238768,\n",
       "         -0.00032144, -0.00340863],\n",
       "        [-0.00481073, -0.00244733,  0.05059832, ...,  0.00226733,\n",
       "          0.00102611, -0.00050651],\n",
       "        ...,\n",
       "        [-0.00013311, -0.00238768,  0.00226733, ...,  0.04033913,\n",
       "         -0.0020415 ,  0.00177395],\n",
       "        [-0.00070612, -0.00032144,  0.00102611, ..., -0.0020415 ,\n",
       "          0.04782582,  0.0010244 ],\n",
       "        [ 0.00013981, -0.00340863, -0.00050651, ...,  0.00177395,\n",
       "          0.0010244 ,  0.04401599]]),\n",
       " array([[ 3.66274300e-02, -1.49219901e-03,  4.31781915e-04, ...,\n",
       "         -1.10952722e-03,  7.98341065e-04, -3.22280160e-04],\n",
       "        [-1.49219901e-03,  3.83030987e-02,  7.46269401e-04, ...,\n",
       "          5.08494231e-04,  8.53223057e-05,  6.74707115e-04],\n",
       "        [ 4.31781915e-04,  7.46269401e-04,  4.46277509e-02, ...,\n",
       "          1.26555066e-03, -4.26668620e-04, -1.78644089e-04],\n",
       "        ...,\n",
       "        [-1.10952722e-03,  5.08494231e-04,  1.26555066e-03, ...,\n",
       "          3.31030435e-02, -3.02861891e-04,  3.66027343e-03],\n",
       "        [ 7.98341065e-04,  8.53223057e-05, -4.26668620e-04, ...,\n",
       "         -3.02861891e-04,  3.80707346e-02, -3.06393381e-03],\n",
       "        [-3.22280160e-04,  6.74707115e-04, -1.78644089e-04, ...,\n",
       "          3.66027343e-03, -3.06393381e-03,  4.41899282e-02]])]"
      ]
     },
     "execution_count": 101,
     "metadata": {},
     "output_type": "execute_result"
    }
   ],
   "source": [
    "qda.covariance_"
   ]
  },
  {
   "cell_type": "code",
   "execution_count": null,
   "metadata": {},
   "outputs": [],
   "source": []
  }
 ],
 "metadata": {
  "kernelspec": {
   "display_name": "Python 2",
   "language": "python",
   "name": "python2"
  },
  "language_info": {
   "codemirror_mode": {
    "name": "ipython",
    "version": 2
   },
   "file_extension": ".py",
   "mimetype": "text/x-python",
   "name": "python",
   "nbconvert_exporter": "python",
   "pygments_lexer": "ipython2",
   "version": "2.7.15"
  }
 },
 "nbformat": 4,
 "nbformat_minor": 2
}
