{
 "cells": [
  {
   "cell_type": "code",
   "execution_count": 1,
   "metadata": {},
   "outputs": [],
   "source": [
    "%matplotlib inline\n",
    "import numpy as np\n",
    "from sklearn.covariance import empirical_covariance\n",
    "\n",
    "from regain import datasets\n",
    "from regain.covariance import latent_graphical_lasso_, latent_time_graphical_lasso_\n",
    "\n",
    "# config\n",
    "np.random.seed(0)\n",
    "n_samples = 100\n",
    "n_dim_obs = 10\n",
    "n_dim_lat = 2\n",
    "T = 10\n",
    "tau = 0.1\n",
    "alpha = 0.1\n",
    "\n",
    "dataset = datasets.make_dataset(\n",
    "        n_samples=n_samples, n_dim_lat=n_dim_lat, update_ell='fixed',\n",
    "        update_theta='l2', normalize_starting_matrices=True, n_dim_obs=n_dim_obs, T=T)"
   ]
  },
  {
   "cell_type": "markdown",
   "metadata": {},
   "source": [
    "## 1. Single timestamp\n",
    "Check if, with only one timestamp, the method behave the same as Chandrasekaran/Ma."
   ]
  },
  {
   "cell_type": "code",
   "execution_count": 2,
   "metadata": {},
   "outputs": [],
   "source": [
    "emp_cov = empirical_covariance(dataset.data[0], assume_centered=False)"
   ]
  },
  {
   "cell_type": "markdown",
   "metadata": {},
   "source": [
    "### 1.1 Do we behave as ourselves with the same functional as Ma?\n",
    "The following is the latent time graphical model inference with only one covariance matrix."
   ]
  },
  {
   "cell_type": "code",
   "execution_count": 3,
   "metadata": {
    "scrolled": true
   },
   "outputs": [],
   "source": [
    "results_time = latent_time_graphical_lasso_.latent_time_graphical_lasso(\n",
    "    emp_cov[None, ...], alpha=alpha, tau=tau,\n",
    "    tol=1e-5, rtol=1e-5, rho=1./ emp_cov.shape[0],\n",
    "    verbose=0, max_iter=500)"
   ]
  },
  {
   "cell_type": "markdown",
   "metadata": {},
   "source": [
    "We compare it with the code for the latent graphical model inference (without time). <br>\n",
    "Since there is only one covariance matrix, we expect to obtain the same results."
   ]
  },
  {
   "cell_type": "code",
   "execution_count": 4,
   "metadata": {
    "scrolled": true
   },
   "outputs": [],
   "source": [
    "results_static = latent_graphical_lasso_.latent_graphical_lasso(\n",
    "    emp_cov, alpha=alpha, tau=tau, \n",
    "    tol=1e-5, rtol=1e-5, rho=1. / emp_cov.shape[0],\n",
    "    verbose=0, max_iter=500)"
   ]
  },
  {
   "cell_type": "code",
   "execution_count": 5,
   "metadata": {},
   "outputs": [],
   "source": [
    "assert np.all([np.allclose(x, y) for x, y in zip(results_static, results_time)])\n",
    "assert np.linalg.matrix_rank(results_static[1]) == np.linalg.matrix_rank(results_time[1][0])"
   ]
  },
  {
   "cell_type": "markdown",
   "metadata": {},
   "source": [
    "### Optional (requires Matlab installed)\n",
    "Now we check if the result is the same as the LVGLASSO Matlab algorithm. To do that, we implemented a simple wrapper which rely on `matlab.engine`, to run Matlab code directly from Python. It requires Matlab 2016 or higher installed."
   ]
  },
  {
   "cell_type": "code",
   "execution_count": 5,
   "metadata": {},
   "outputs": [],
   "source": [
    "from regain.wrapper.matlab import lvglasso\n",
    "from sklearn.datasets.base import Bunch\n",
    "\n",
    "result = lvglasso(emp_cov, alpha, tau, 1. / emp_cov.shape[0])\n",
    "ma_output = Bunch(**result)\n",
    "\n",
    "assert np.all([np.allclose(x, y, atol=1e-3) for x, y in zip(results_static[:2], (ma_output.S, ma_output.L))])\n",
    "assert np.linalg.matrix_rank(ma_output.L) == np.linalg.matrix_rank(results_time[1][0])"
   ]
  },
  {
   "cell_type": "markdown",
   "metadata": {},
   "source": [
    "## 2. Time-varying vs separate for each time\n",
    "This is to justify the choice of the additional penalties which constrain subsequent matrices in time to behave similarly."
   ]
  },
  {
   "cell_type": "code",
   "execution_count": 22,
   "metadata": {},
   "outputs": [],
   "source": [
    "# config\n",
    "n_samples = 100\n",
    "n_dim_obs = 10\n",
    "n_dim_lat = 2\n",
    "T = 10\n",
    "\n",
    "np.random.seed(0)\n",
    "\n",
    "dataset = datasets.make_dataset(\n",
    "        n_samples=n_samples, n_dim_lat=n_dim_lat, update_ell='fixed',\n",
    "        update_theta='l2', normalize_starting_matrices=True, n_dim_obs=n_dim_obs, T=T)\n",
    "\n",
    "X, y = dataset.X, dataset.y"
   ]
  },
  {
   "cell_type": "markdown",
   "metadata": {},
   "source": [
    "First, we check again if the results are the same with beta and eta is 0."
   ]
  },
  {
   "cell_type": "code",
   "execution_count": 23,
   "metadata": {},
   "outputs": [],
   "source": [
    "emp_cov = np.array([empirical_covariance(data, assume_centered=False) for data in dataset.data])\n",
    "emp_list = np.array(emp_cov).transpose(1,2,0)"
   ]
  },
  {
   "cell_type": "code",
   "execution_count": 24,
   "metadata": {
    "scrolled": true
   },
   "outputs": [],
   "source": [
    "results_time = latent_time_graphical_lasso_.latent_time_graphical_lasso(\n",
    "    emp_cov, alpha=alpha, tau=tau, tol=1e-5, rtol=1e-5, rho=1./ emp_cov.shape[0],\n",
    "    beta=0, eta=0,\n",
    "    verbose=0, max_iter=500)\n",
    "\n",
    "results_static = [latent_graphical_lasso_.latent_graphical_lasso(\n",
    "    x, alpha=alpha, tau=tau, tol=1e-5, rtol=1e-5, rho=1. / emp_cov.shape[0],\n",
    "    verbose=0, max_iter=500) for x in emp_cov]"
   ]
  },
  {
   "cell_type": "code",
   "execution_count": 25,
   "metadata": {},
   "outputs": [],
   "source": [
    "assert np.all([np.allclose(results_static[i][0], results_time[0][i], atol=1e-2) for i in range(10)])\n",
    "assert np.all([np.linalg.matrix_rank(results_static[i][1]) == np.linalg.matrix_rank(results_time[1][i])\n",
    "        for i in range(10)])"
   ]
  },
  {
   "cell_type": "markdown",
   "metadata": {},
   "source": [
    "Again, optional: it requires Matlab installed."
   ]
  },
  {
   "cell_type": "code",
   "execution_count": null,
   "metadata": {},
   "outputs": [],
   "source": [
    "result = lvglasso(emp_list, alpha, tau, 1/emp_list[0].shape[0])\n",
    "ma_output = Bunch(**result)\n",
    "\n",
    "ma_output.R = np.array(ma_output.R)\n",
    "ma_output.S = np.array(ma_output.S)\n",
    "ma_output.L = np.array(ma_output.L)\n",
    "\n",
    "assert np.allclose(results_time[0], ma_output.R + ma_output.L, atol=1e-3)\n",
    "\n",
    "L = np.array(ma_output.L)\n",
    "LL = results_time[1]\n",
    "\n",
    "ranks_ma = [np.linalg.matrix_rank(l)for l in L]\n",
    "ranks_ours = [np.linalg.matrix_rank(l)for l in LL]\n",
    "assert np.all([np.linalg.matrix_rank(l) == np.linalg.matrix_rank(ll) for l, ll in zip(L, LL)])"
   ]
  },
  {
   "cell_type": "markdown",
   "metadata": {},
   "source": [
    "# Penalty contribution\n",
    "\n",
    "We now checked that in the limit case of one time and in the case in which we do not consider the penalties that involve time we perform equivalentely. Now, with CV on the parameters on synhtetic data generated with norm2 we want to see if our method performs better than LVGLASSO applied on different time stamps. "
   ]
  },
  {
   "cell_type": "code",
   "execution_count": null,
   "metadata": {},
   "outputs": [],
   "source": [
    "from sklearn.model_selection import GridSearchCV, StratifiedShuffleSplit\n",
    "from regain import utils\n",
    "from regain.covariance import LatentTimeGraphicalLasso\n",
    "\n",
    "ltgl = GridSearchCV(\n",
    "    LatentTimeGraphicalLasso(),\n",
    "    dict(tau=np.logspace(-2,np.log(.5),10), alpha=np.logspace(-2,np.log(.5),10)),\n",
    "    cv=StratifiedShuffleSplit(10), return_train_score=True).fit(X, y)"
   ]
  },
  {
   "cell_type": "code",
   "execution_count": null,
   "metadata": {},
   "outputs": [],
   "source": [
    "emp_list = list(ltgl.best_estimator_.covariance_)\n",
    "alpha = ltgl.best_params_['alpha']\n",
    "tau = ltgl.best_params_['tau']"
   ]
  },
  {
   "cell_type": "code",
   "execution_count": null,
   "metadata": {},
   "outputs": [],
   "source": [
    "precs = []\n",
    "lats = []\n",
    "covss = []\n",
    "for data in dataset.data:\n",
    "    lgl = LatentGraphicalLasso(tau=tau, alpha=alpha, assume_centered=False).fit(X, y)\n",
    "    precs.append(lgl.precision_)\n",
    "    lats.append(lgl.latent_)\n",
    "    covss.append(lgl.covariance_)"
   ]
  },
  {
   "cell_type": "markdown",
   "metadata": {},
   "source": [
    "### Error obtained w.r.t. the observed data"
   ]
  },
  {
   "cell_type": "code",
   "execution_count": null,
   "metadata": {},
   "outputs": [],
   "source": [
    "from regain.utils import error_norm_time\n",
    "print(\"Error norm time with observed precision: \\n LTGL: {:.3f}\\n LVGLASSO: {:.3f}\".format(\n",
    "      error_norm_time(ltgl.best_estimator_.precision_ - ltgl.best_estimator_.latent_, dataset.thetas_observed),\n",
    "      error_norm_time(np.array(precs) - np.array(lats), dataset.thetas_observed)))"
   ]
  },
  {
   "cell_type": "markdown",
   "metadata": {},
   "source": [
    "### Error obtained w.r.t. the real data"
   ]
  },
  {
   "cell_type": "code",
   "execution_count": null,
   "metadata": {},
   "outputs": [],
   "source": [
    "print(\"Error norm time of LTGL: \\n Precision: {:.3f}\\n Latent: {:.3f}\\n\".format(\n",
    "      error_norm_time(ltgl.best_estimator_.precision_, dataset.thetas),\n",
    "      error_norm_time(ltgl.best_estimator_.latent_, dataset.ells)))\n",
    "\n",
    "print(\"Error norm time of LVGLASSO: \\n Precision: {:.3f}\\n Latent: {:.3f}\".format(\n",
    "      error_norm_time(np.array(precs), dataset.thetas),\n",
    "      error_norm_time(np.array(lats), dataset.ells)))"
   ]
  },
  {
   "cell_type": "markdown",
   "metadata": {},
   "source": [
    "### Error in ranks"
   ]
  },
  {
   "cell_type": "code",
   "execution_count": null,
   "metadata": {},
   "outputs": [],
   "source": [
    "# ltgl.best_estimator_.set_params(beta=1e12,eta=1e12).fit(data_grid)\n",
    "print(\"Rank latent matrices LTGL: {}\".format([np.linalg.matrix_rank(i) for i in ltgl.best_estimator_.latent_]))\n",
    "print(\"Rank latent matrices LVGLASSO: {}\".format([np.linalg.matrix_rank(i) for i in lats]))\n",
    "print(\"Rank true latent matrices: {}\".format(np.linalg.matrix_rank(dataset.ells)))"
   ]
  },
  {
   "cell_type": "markdown",
   "metadata": {},
   "source": [
    "### Error in structure"
   ]
  },
  {
   "cell_type": "code",
   "execution_count": null,
   "metadata": {},
   "outputs": [],
   "source": [
    "from regain.utils import structure_error\n",
    "\n",
    "print(\"f1 score LTGL: {:.2f}\".format(structure_error(\n",
    "    dataset.thetas, ltgl.best_estimator_.precision_, thresholding=1, eps=1e-2)['f1']))\n",
    "print(\"f1 score LVGLASSO: {:.2f}\".format(structure_error(\n",
    "    dataset.thetas, np.array(precs), thresholding=1, eps=1e-2)['f1']))"
   ]
  },
  {
   "cell_type": "markdown",
   "metadata": {},
   "source": [
    "# Scalability"
   ]
  },
  {
   "cell_type": "code",
   "execution_count": 10,
   "metadata": {},
   "outputs": [],
   "source": [
    "from tqdm import tqdm"
   ]
  },
  {
   "cell_type": "code",
   "execution_count": 44,
   "metadata": {},
   "outputs": [
    {
     "name": "stderr",
     "output_type": "stream",
     "text": [
      "100%|██████████| 5/5 [00:38<00:00,  7.71s/it]\n"
     ]
    }
   ],
   "source": [
    "n_samples = 100\n",
    "# n_dim_obs = 10\n",
    "n_dim_lat = 2\n",
    "T = 10\n",
    "np.random.seed(0)\n",
    "import time\n",
    "results = {}\n",
    "    \n",
    "for n_dim_obs in tqdm(np.logspace(1, 2, 5)):\n",
    "    dataset = datasets.make_dataset(\n",
    "        n_samples=n_samples, n_dim_lat=n_dim_lat, update_ell='fixed',\n",
    "        update_theta='l2', normalize_starting_matrices=True, n_dim_obs=n_dim_obs, T=T)\n",
    "\n",
    "    X, y = dataset.X, dataset.y\n",
    "\n",
    "    emp_cov = np.array([empirical_covariance(data, assume_centered=False) for data in dataset.data])\n",
    "    emp_list = np.array(emp_cov).transpose(1,2,0)\n",
    "\n",
    "    res, elapsed_time = [], []\n",
    "    for x in emp_cov:\n",
    "        tic = time.time()\n",
    "        results_static = latent_graphical_lasso_.latent_graphical_lasso(\n",
    "            x, alpha=alpha, tau=tau, tol=1e-5, rtol=1e-5, rho=1. / emp_cov.shape[0],\n",
    "        verbose=0, max_iter=500)\n",
    "        tac = time.time() - tic\n",
    "        \n",
    "        res.append(results_static)\n",
    "        elapsed_time.append(tac)\n",
    "        \n",
    "    results[('lgl', n_dim_obs)] = dict(res=res, elapsed_time=elapsed_time)\n",
    "    \n",
    "    res, elapsed_time = [], []\n",
    "    for x in emp_cov:\n",
    "        tic = time.time()\n",
    "        result = lvglasso(x, alpha, tau, 1. / x.shape[0])\n",
    "        ma_output = Bunch(**result)\n",
    "\n",
    "        ma_output.R = np.array(ma_output.R)\n",
    "        ma_output.S = np.array(ma_output.S)\n",
    "        ma_output.L = np.array(ma_output.L)\n",
    "        tac = ma_output.elapsed_time #time.time() - tic\n",
    "        \n",
    "        res.append(ma_output)\n",
    "        elapsed_time.append(tac)\n",
    "    \n",
    "\n",
    "    results[('lvglasso', n_dim_obs)] = dict(res=ma_output, elapsed_time=elapsed_time)\n",
    "#     results[('lvglasso', n_dim_obs)] = ma_output\n",
    "\n",
    "    # assert np.allclose(results_time[0], ma_output.R + ma_output.L, atol=1e-3)\n",
    "\n",
    "#     L = np.array(ma_output.L)\n",
    "#     LL = results_time[1]\n",
    "\n",
    "#     ranks_ma = [np.linalg.matrix_rank(l)for l in L]\n",
    "#     ranks_ours = [np.linalg.matrix_rank(l)for l in LL]\n",
    "    # assert np.all([np.linalg.matrix_rank(l) == np.linalg.matrix_rank(ll) for l, ll in zip(L, LL)])"
   ]
  },
  {
   "cell_type": "code",
   "execution_count": 24,
   "metadata": {},
   "outputs": [],
   "source": [
    "import pandas as pd"
   ]
  },
  {
   "cell_type": "code",
   "execution_count": 69,
   "metadata": {},
   "outputs": [],
   "source": [
    "import pandas as pd"
   ]
  },
  {
   "cell_type": "code",
   "execution_count": 76,
   "metadata": {},
   "outputs": [],
   "source": [
    "df = pd.DataFrame({k: (results[k]['elapsed_time']) for k in results}).T.unstack(level=0)# .plot(logy=True)"
   ]
  },
  {
   "cell_type": "code",
   "execution_count": 156,
   "metadata": {},
   "outputs": [],
   "source": [
    "df = df.stack() "
   ]
  },
  {
   "cell_type": "code",
   "execution_count": 158,
   "metadata": {},
   "outputs": [
    {
     "data": {
      "text/plain": [
       "{('lgl',\n",
       "  10.0): {'res': [[array([[ 0.97485639,  0.        ,  0.02685468,  0.06140455, -0.        ,\n",
       "            -0.        ,  0.        ,  0.        ,  0.        , -0.03973932],\n",
       "           [ 0.        ,  1.35026437, -0.        ,  0.        ,  0.13939654,\n",
       "             0.        ,  0.        , -0.        , -0.        ,  0.        ],\n",
       "           [ 0.02685468, -0.        ,  1.28687445,  0.        , -0.        ,\n",
       "             0.04358183,  0.18094039,  0.        ,  0.        , -0.        ],\n",
       "           [ 0.06140455,  0.        ,  0.        ,  1.09246503, -0.        ,\n",
       "            -0.        ,  0.        , -0.        ,  0.        , -0.        ],\n",
       "           [-0.        ,  0.13939654, -0.        , -0.        ,  1.46511431,\n",
       "             0.        ,  0.        ,  0.22007437, -0.        ,  0.        ],\n",
       "           [-0.        ,  0.        ,  0.04358183, -0.        ,  0.        ,\n",
       "             0.96341393,  0.        , -0.        , -0.        ,  0.        ],\n",
       "           [ 0.        ,  0.        ,  0.18094039,  0.        ,  0.        ,\n",
       "             0.        ,  1.30479286, -0.        ,  0.        ,  0.13132621],\n",
       "           [ 0.        , -0.        ,  0.        , -0.        ,  0.22007437,\n",
       "            -0.        , -0.        ,  1.2304987 ,  0.03976139, -0.        ],\n",
       "           [ 0.        , -0.        ,  0.        ,  0.        , -0.        ,\n",
       "            -0.        ,  0.        ,  0.03976139,  1.26196145, -0.        ],\n",
       "           [-0.03973932,  0.        , -0.        , -0.        ,  0.        ,\n",
       "             0.        ,  0.13132621, -0.        , -0.        ,  1.07073522]]),\n",
       "    array([[ 0.29518416,  0.00460955, -0.14506352, -0.08083864,  0.01231221,\n",
       "             0.15518582, -0.12775523, -0.14279216,  0.11538853,  0.08587266],\n",
       "           [ 0.00460955,  0.23852371,  0.01607361, -0.18866242, -0.19935191,\n",
       "            -0.01483957,  0.03123224,  0.05857584,  0.07877937,  0.02041721],\n",
       "           [-0.14506352,  0.01607361,  0.1376419 ,  0.05814224, -0.03090996,\n",
       "            -0.12059616, -0.00357744,  0.06404649, -0.05762292,  0.04249018],\n",
       "           [-0.08083864, -0.18866242,  0.05814224,  0.27949267,  0.05132378,\n",
       "             0.00914027, -0.09517486,  0.11891769, -0.17897308,  0.08385875],\n",
       "           [ 0.01231221, -0.19935191, -0.03090996,  0.05132378,  0.27020443,\n",
       "            -0.03504734,  0.04901259, -0.19377978,  0.02824075, -0.10816665],\n",
       "           [ 0.15518582, -0.01483957, -0.12059616,  0.00914027, -0.03504734,\n",
       "             0.14958077, -0.06821593,  0.01281662,  0.00624417,  0.04002975],\n",
       "           [-0.12775523,  0.03123224, -0.00357744, -0.09517486,  0.04901259,\n",
       "            -0.06821593,  0.18429804, -0.01677811,  0.02980428, -0.18227478],\n",
       "           [-0.14279216,  0.05857584,  0.06404649,  0.11891769, -0.19377978,\n",
       "             0.01281662, -0.01677811,  0.2757749 , -0.15379048,  0.06377705],\n",
       "           [ 0.11538853,  0.07877937, -0.05762292, -0.17897308,  0.02824075,\n",
       "             0.00624417,  0.02980428, -0.15379048,  0.14511681, -0.04069167],\n",
       "           [ 0.08587266,  0.02041721,  0.04249018,  0.08385875, -0.10816665,\n",
       "             0.04002975, -0.18227478,  0.06377705, -0.04069167,  0.20213376]]),\n",
       "    array([[ 1.03160007e+00,  1.23453484e-17, -2.14349837e-02,\n",
       "            -5.79834895e-02, -1.08779541e-17,  9.69651465e-04,\n",
       "            -8.92082535e-04, -8.28886469e-19, -1.21725478e-18,\n",
       "             3.83962750e-02],\n",
       "           [ 1.23453484e-17,  7.48147324e-01, -1.58727836e-18,\n",
       "            -1.63757183e-16, -7.31487166e-02, -4.89411470e-17,\n",
       "            -4.12866733e-17,  1.30959619e-02, -4.12622418e-04,\n",
       "            -2.23707357e-16],\n",
       "           [-2.14349837e-02, -1.58727836e-18,  7.94412715e-01,\n",
       "             1.20480328e-03, -1.70144593e-17, -3.59367408e-02,\n",
       "            -1.11459975e-01,  2.63111288e-18, -4.20599792e-17,\n",
       "             1.28750821e-02],\n",
       "           [-5.79834895e-02, -1.63757183e-16,  1.20480328e-03,\n",
       "             9.18620202e-01,  9.69840508e-18, -5.45015234e-05,\n",
       "             5.01415806e-05,  2.39315450e-17,  4.13809097e-18,\n",
       "            -2.15815224e-03],\n",
       "           [-1.08779541e-17, -7.31487166e-02, -1.70144593e-17,\n",
       "             9.69840508e-18,  7.08554947e-01,  9.81691810e-18,\n",
       "            -1.48409371e-17, -1.26854018e-01,  3.99686651e-03,\n",
       "             7.02701467e-17],\n",
       "           [ 9.69651465e-04, -4.89411470e-17, -3.59367408e-02,\n",
       "            -5.45015234e-05,  9.81691810e-18,  1.03960111e+00,\n",
       "             5.04209985e-03, -5.32072278e-18, -3.50025832e-18,\n",
       "            -5.82428354e-04],\n",
       "           [-8.92082535e-04, -4.12866733e-17, -1.11459975e-01,\n",
       "             5.01415806e-05, -1.48409371e-17,  5.04209985e-03,\n",
       "             7.91637563e-01,  2.28781507e-17, -1.33272283e-17,\n",
       "            -9.71278491e-02],\n",
       "           [-8.28886469e-19,  1.30959619e-02,  2.63111288e-18,\n",
       "             2.39315450e-17, -1.26854018e-01, -5.32072278e-18,\n",
       "             2.28781507e-17,  8.36217803e-01, -2.63472217e-02,\n",
       "            -1.73055184e-17],\n",
       "           [-1.21725478e-18, -4.12622418e-04, -4.20599792e-17,\n",
       "             4.13809097e-18,  3.99686651e-03, -3.50025832e-18,\n",
       "            -1.33272283e-17, -2.63472217e-02,  7.93247368e-01,\n",
       "            -2.18955555e-17],\n",
       "           [ 3.83962750e-02, -2.23707357e-16,  1.28750821e-02,\n",
       "            -2.15815224e-03,  7.02701467e-17, -5.82428354e-04,\n",
       "            -9.71278491e-02, -1.73055184e-17, -2.18955555e-17,\n",
       "             9.47275527e-01]]),\n",
       "    27],\n",
       "   [array([[ 1.02659971,  0.        ,  0.        ,  0.        ,  0.        ,\n",
       "            -0.        ,  0.        ,  0.        , -0.        , -0.12953649],\n",
       "           [ 0.        ,  1.36595159, -0.        ,  0.0973988 ,  0.18379623,\n",
       "            -0.        , -0.        , -0.        , -0.        ,  0.        ],\n",
       "           [ 0.        , -0.        ,  1.05597472, -0.        , -0.        ,\n",
       "             0.092202  ,  0.17206505,  0.        , -0.        , -0.        ],\n",
       "           [ 0.        ,  0.0973988 , -0.        ,  1.35405036, -0.        ,\n",
       "            -0.        , -0.        , -0.        ,  0.        ,  0.        ],\n",
       "           [ 0.        ,  0.18379623, -0.        , -0.        ,  1.10949462,\n",
       "            -0.        ,  0.        ,  0.11272033, -0.        ,  0.18847736],\n",
       "           [-0.        , -0.        ,  0.092202  , -0.        , -0.        ,\n",
       "             1.17884866,  0.1739711 , -0.        , -0.        ,  0.        ],\n",
       "           [ 0.        , -0.        ,  0.17206505, -0.        ,  0.        ,\n",
       "             0.1739711 ,  1.24187574,  0.        , -0.        ,  0.08399636],\n",
       "           [ 0.        , -0.        ,  0.        , -0.        ,  0.11272033,\n",
       "            -0.        ,  0.        ,  1.24721387,  0.        , -0.        ],\n",
       "           [-0.        , -0.        , -0.        ,  0.        , -0.        ,\n",
       "            -0.        , -0.        ,  0.        ,  1.23573135,  0.        ],\n",
       "           [-0.12953649,  0.        , -0.        ,  0.        ,  0.18847736,\n",
       "             0.        ,  0.08399636, -0.        ,  0.        ,  0.93077671]]),\n",
       "    array([[ 0.18011153, -0.07540445, -0.09581001, -0.09845876,  0.05505858,\n",
       "             0.0798511 , -0.03105879, -0.14629875,  0.07835173,  0.01938611],\n",
       "           [-0.07540445,  0.17135498,  0.00260778, -0.13694946, -0.10359422,\n",
       "            -0.07000516,  0.05670835,  0.00221928,  0.06968909, -0.00531526],\n",
       "           [-0.09581001,  0.00260778,  0.18560145,  0.0573687 , -0.00642062,\n",
       "            -0.09845147, -0.08678228,  0.05122807, -0.04397095,  0.10619931],\n",
       "           [-0.09845876, -0.13694946,  0.0573687 ,  0.35100816,  0.00544524,\n",
       "             0.04989327, -0.03817102,  0.26552008, -0.24934641, -0.00289867],\n",
       "           [ 0.05505858, -0.10359422, -0.00642062,  0.00544524,  0.1435428 ,\n",
       "             0.01553777,  0.0016178 , -0.12639789,  0.04608741, -0.05658867],\n",
       "           [ 0.0798511 , -0.07000516, -0.09845147,  0.04989327,  0.01553777,\n",
       "             0.09039276,  0.0095834 ,  0.01502768, -0.03490835, -0.03142266],\n",
       "           [-0.03105879,  0.05670835, -0.08678228, -0.03817102,  0.0016178 ,\n",
       "             0.0095834 ,  0.10359682, -0.01546484,  0.03752337, -0.11745215],\n",
       "           [-0.14629875,  0.00221928,  0.05122807,  0.26552008, -0.12639789,\n",
       "             0.01502768, -0.01546484,  0.32367106, -0.23169365,  0.03225381],\n",
       "           [ 0.07835173,  0.06968909, -0.04397095, -0.24934641,  0.04608741,\n",
       "            -0.03490835,  0.03752337, -0.23169365,  0.19591725, -0.02837133],\n",
       "           [ 0.01938611, -0.00531526,  0.10619931, -0.00289867, -0.05658867,\n",
       "            -0.03142266, -0.11745215,  0.03225381, -0.02837133,  0.16053295]]),\n",
       "    array([[ 9.92276023e-01,  3.41953207e-03,  1.53421161e-03,\n",
       "            -2.45971893e-04, -2.52832056e-02,  1.37853998e-03,\n",
       "            -1.01542577e-02,  2.28503820e-03,  0.00000000e+00,\n",
       "             1.44131439e-01],\n",
       "           [ 3.41953207e-03,  7.53532463e-01,  2.88471051e-04,\n",
       "            -5.42026810e-02, -1.30631580e-01,  2.59200799e-04,\n",
       "            -1.90926034e-03,  1.18061829e-02,  0.00000000e+00,\n",
       "             2.71003995e-02],\n",
       "           [ 1.53421161e-03,  2.88471051e-04,  9.72780561e-01,\n",
       "            -2.07501403e-05, -2.13288624e-03, -5.72563829e-02,\n",
       "            -1.27582716e-01,  1.92765372e-04,  0.00000000e+00,\n",
       "             1.21588997e-02],\n",
       "           [-2.45971893e-04, -5.42026810e-02, -2.07501403e-05,\n",
       "             7.42423848e-01,  9.39651867e-03, -1.86446888e-05,\n",
       "             1.37335861e-04, -8.49235831e-04,  0.00000000e+00,\n",
       "            -1.94937097e-03],\n",
       "           [-2.52832056e-02, -1.30631580e-01, -2.13288624e-03,\n",
       "             9.39651867e-03,  9.65858786e-01, -1.91646897e-03,\n",
       "             1.41166162e-02, -8.72921043e-02,  0.00000000e+00,\n",
       "            -2.00373898e-01],\n",
       "           [ 1.37853998e-03,  2.59200799e-04, -5.72563829e-02,\n",
       "            -1.86446888e-05, -1.91646897e-03,  8.69681378e-01,\n",
       "            -1.14637299e-01,  1.73206075e-04,  0.00000000e+00,\n",
       "             1.09251743e-02],\n",
       "           [-1.01542577e-02, -1.90926034e-03, -1.27582716e-01,\n",
       "             1.37335861e-04,  1.41166162e-02, -1.14637299e-01,\n",
       "             8.44412706e-01, -1.27582743e-03,  0.00000000e+00,\n",
       "            -8.04742969e-02],\n",
       "           [ 2.28503820e-03,  1.18061829e-02,  1.92765372e-04,\n",
       "            -8.49235831e-04, -8.72921043e-02,  1.73206075e-04,\n",
       "            -1.27582743e-03,  8.09676366e-01,  0.00000000e+00,\n",
       "             1.81093339e-02],\n",
       "           [ 0.00000000e+00,  0.00000000e+00,  0.00000000e+00,\n",
       "             0.00000000e+00,  0.00000000e+00,  0.00000000e+00,\n",
       "             0.00000000e+00,  0.00000000e+00,  8.09237378e-01,\n",
       "             0.00000000e+00],\n",
       "           [ 1.44131439e-01,  2.71003995e-02,  1.21588997e-02,\n",
       "            -1.94937097e-03, -2.00373898e-01,  1.09251743e-02,\n",
       "            -8.04742969e-02,  1.81093339e-02,  0.00000000e+00,\n",
       "             1.14226727e+00]]),\n",
       "    28],\n",
       "   [array([[ 0.85762894, -0.        ,  0.11049741,  0.        , -0.        ,\n",
       "            -0.        ,  0.        ,  0.        ,  0.        , -0.26094029],\n",
       "           [-0.        ,  1.30010041, -0.        ,  0.021149  ,  0.        ,\n",
       "            -0.        ,  0.        , -0.        , -0.        ,  0.        ],\n",
       "           [ 0.11049741, -0.        ,  1.07687579, -0.        , -0.        ,\n",
       "             0.1247448 ,  0.01353771,  0.        ,  0.        , -0.        ],\n",
       "           [ 0.        ,  0.021149  , -0.        ,  1.36225064, -0.        ,\n",
       "            -0.        ,  0.        , -0.        ,  0.09941865, -0.        ],\n",
       "           [-0.        ,  0.        , -0.        , -0.        ,  1.46840252,\n",
       "            -0.        ,  0.        ,  0.        , -0.        ,  0.01061839],\n",
       "           [-0.        , -0.        ,  0.1247448 , -0.        , -0.        ,\n",
       "             1.37299116,  0.2129178 , -0.        , -0.        ,  0.0382327 ],\n",
       "           [ 0.        ,  0.        ,  0.01353771,  0.        ,  0.        ,\n",
       "             0.2129178 ,  1.27429235, -0.        ,  0.        ,  0.31848611],\n",
       "           [ 0.        , -0.        ,  0.        , -0.        ,  0.        ,\n",
       "            -0.        , -0.        ,  1.41835274,  0.        , -0.        ],\n",
       "           [ 0.        , -0.        ,  0.        ,  0.09941865, -0.        ,\n",
       "            -0.        ,  0.        ,  0.        ,  1.20129875, -0.        ],\n",
       "           [-0.26094029,  0.        , -0.        , -0.        ,  0.01061839,\n",
       "             0.0382327 ,  0.31848611, -0.        , -0.        ,  1.08307555]]),\n",
       "    array([[ 0.16851979,  0.03441729, -0.1110657 , -0.10215892,  0.10969309,\n",
       "             0.1360603 , -0.03192326, -0.11085996,  0.07935184, -0.06914651],\n",
       "           [ 0.03441729,  0.08940207, -0.04590284, -0.10091922, -0.11498768,\n",
       "            -0.02577873,  0.00459631,  0.02838128,  0.01748833,  0.05831091],\n",
       "           [-0.1110657 , -0.04590284,  0.20337627,  0.06914337,  0.00346876,\n",
       "            -0.1674434 , -0.03881346, -0.02759952, -0.00877968,  0.10566077],\n",
       "           [-0.10215892, -0.10091922,  0.06914337,  0.31929353, -0.01228747,\n",
       "             0.08674648, -0.08120566,  0.21171867, -0.1934374 ,  0.01320502],\n",
       "           [ 0.10969309, -0.11498768,  0.00346876, -0.01228747,  0.34199761,\n",
       "             0.10791791, -0.01509759, -0.2576765 ,  0.11941774, -0.16461788],\n",
       "           [ 0.1360603 , -0.02577873, -0.1674434 ,  0.08674648,  0.10791791,\n",
       "             0.27305174, -0.04766843,  0.04574898, -0.04860341, -0.13156327],\n",
       "           [-0.03192326,  0.00459631, -0.03881346, -0.08120566, -0.01509759,\n",
       "            -0.04766843,  0.08954224, -0.03380136,  0.04209585, -0.04518145],\n",
       "           [-0.11085996,  0.02838128, -0.02759952,  0.21171867, -0.2576765 ,\n",
       "             0.04574898, -0.03380136,  0.34797648, -0.22150104,  0.09047415],\n",
       "           [ 0.07935184,  0.01748833, -0.00877968, -0.1934374 ,  0.11941774,\n",
       "            -0.04860341,  0.04209585, -0.22150104,  0.15912126, -0.04571699],\n",
       "           [-0.06914651,  0.05831091,  0.10566077,  0.01320502, -0.16461788,\n",
       "            -0.13156327, -0.04518145,  0.09047415, -0.04571699,  0.16179075]]),\n",
       "    array([[ 1.28467388e+00,  6.71340377e-17, -1.32594663e-01,\n",
       "            -2.14048949e-17, -2.41435445e-03,  1.58834686e-02,\n",
       "            -8.46919009e-02,  4.93946795e-30, -1.28797506e-19,\n",
       "             3.33877663e-01],\n",
       "           [ 6.71340377e-17,  7.69366842e-01,  1.09012315e-16,\n",
       "            -1.20170340e-02, -3.78348250e-17,  6.47412693e-17,\n",
       "            -1.32453853e-17, -9.41564444e-17,  9.94521345e-04,\n",
       "            -1.87471173e-16],\n",
       "           [-1.32594663e-01,  1.09012315e-16,  9.52202502e-01,\n",
       "            -5.40387352e-17,  2.35585289e-04, -8.75693174e-02,\n",
       "             1.26582456e-02, -5.43108740e-30, -2.84747656e-17,\n",
       "            -3.25787564e-02],\n",
       "           [-2.14048949e-17, -1.20170340e-02, -5.40387352e-17,\n",
       "             7.38727685e-01, -2.39213812e-17, -1.55154869e-16,\n",
       "            -2.81576014e-17,  4.26357145e-17, -6.11365876e-02,\n",
       "             1.62552128e-17],\n",
       "           [-2.41435445e-03, -3.78348250e-17,  2.35585289e-04,\n",
       "            -2.39213812e-17,  6.81068840e-01, -1.09351052e-04,\n",
       "             1.97409996e-03,  1.14003693e-29, -3.45486388e-18,\n",
       "            -7.83546576e-03],\n",
       "           [ 1.58834686e-02,  6.47412693e-17, -8.75693174e-02,\n",
       "            -1.55154869e-16, -1.09351052e-04,  7.55900027e-01,\n",
       "            -1.29150294e-01,  1.77851679e-29, -5.78427444e-17,\n",
       "             1.51220024e-02],\n",
       "           [-8.46919009e-02, -1.32453853e-17,  1.26582456e-02,\n",
       "            -2.81576014e-17,  1.97409996e-03, -1.29150294e-01,\n",
       "             8.74424383e-01, -5.54699012e-30,  3.79919616e-18,\n",
       "            -2.72995491e-01],\n",
       "           [ 4.93946795e-30, -9.41564444e-17, -5.43108740e-30,\n",
       "             4.26357145e-17,  1.14003693e-29,  1.77851679e-29,\n",
       "            -5.54699012e-30,  7.05043231e-01, -3.31477088e-17,\n",
       "            -1.20355649e-29],\n",
       "           [-1.28797506e-19,  9.94521345e-04, -2.84747656e-17,\n",
       "            -6.11365876e-02, -3.45486388e-18, -5.78427444e-17,\n",
       "             3.79919616e-18, -3.31477088e-17,  8.37492021e-01,\n",
       "            -4.03208594e-18],\n",
       "           [ 3.33877663e-01, -1.87471173e-16, -3.25787564e-02,\n",
       "             1.62552128e-17, -7.83546576e-03,  1.51220024e-02,\n",
       "            -2.72995491e-01, -1.20355649e-29, -4.03208594e-18,\n",
       "             1.08355548e+00]]),\n",
       "    25],\n",
       "   [array([[ 1.00239689e+00, -0.00000000e+00,  0.00000000e+00,\n",
       "             0.00000000e+00, -0.00000000e+00, -1.57407222e-03,\n",
       "             0.00000000e+00,  1.00109079e-03,  0.00000000e+00,\n",
       "            -1.57484885e-01],\n",
       "           [-0.00000000e+00,  1.53670600e+00,  0.00000000e+00,\n",
       "             1.57692834e-01,  1.30990200e-01,  0.00000000e+00,\n",
       "            -0.00000000e+00, -0.00000000e+00, -0.00000000e+00,\n",
       "             0.00000000e+00],\n",
       "           [ 0.00000000e+00,  0.00000000e+00,  1.29559575e+00,\n",
       "            -0.00000000e+00,  0.00000000e+00,  8.71012991e-02,\n",
       "             3.26182849e-02, -0.00000000e+00, -0.00000000e+00,\n",
       "            -0.00000000e+00],\n",
       "           [ 0.00000000e+00,  1.57692834e-01, -0.00000000e+00,\n",
       "             1.49905126e+00, -0.00000000e+00, -0.00000000e+00,\n",
       "            -0.00000000e+00, -0.00000000e+00,  1.45693883e-01,\n",
       "            -0.00000000e+00],\n",
       "           [-0.00000000e+00,  1.30990200e-01,  0.00000000e+00,\n",
       "            -0.00000000e+00,  1.38939925e+00,  0.00000000e+00,\n",
       "            -0.00000000e+00,  1.06950461e-01, -0.00000000e+00,\n",
       "             1.61489392e-01],\n",
       "           [-1.57407222e-03,  0.00000000e+00,  8.71012991e-02,\n",
       "            -0.00000000e+00,  0.00000000e+00,  1.04214238e+00,\n",
       "             5.72254684e-02, -0.00000000e+00, -0.00000000e+00,\n",
       "             6.65848105e-02],\n",
       "           [ 0.00000000e+00, -0.00000000e+00,  3.26182849e-02,\n",
       "            -0.00000000e+00, -0.00000000e+00,  5.72254684e-02,\n",
       "             1.31279089e+00, -0.00000000e+00,  0.00000000e+00,\n",
       "             1.85394669e-01],\n",
       "           [ 1.00109079e-03, -0.00000000e+00, -0.00000000e+00,\n",
       "            -0.00000000e+00,  1.06950461e-01, -0.00000000e+00,\n",
       "            -0.00000000e+00,  1.36796178e+00,  0.00000000e+00,\n",
       "             0.00000000e+00],\n",
       "           [ 0.00000000e+00, -0.00000000e+00, -0.00000000e+00,\n",
       "             1.45693883e-01, -0.00000000e+00, -0.00000000e+00,\n",
       "             0.00000000e+00,  0.00000000e+00,  1.72405071e+00,\n",
       "             0.00000000e+00],\n",
       "           [-1.57484885e-01,  0.00000000e+00, -0.00000000e+00,\n",
       "            -0.00000000e+00,  1.61489392e-01,  6.65848105e-02,\n",
       "             1.85394669e-01,  0.00000000e+00,  0.00000000e+00,\n",
       "             1.06978924e+00]]),\n",
       "    array([[ 0.24452113, -0.0188348 , -0.12691139, -0.11344936,  0.08628287,\n",
       "             0.1372243 , -0.09026687, -0.20184982,  0.12470162, -0.00719089],\n",
       "           [-0.0188348 ,  0.15440997,  0.02804456, -0.16729025, -0.0919261 ,\n",
       "            -0.05722934,  0.02663636, -0.03290222,  0.10572214,  0.00113227],\n",
       "           [-0.12691139,  0.02804456,  0.19375351,  0.02775466, -0.08390414,\n",
       "            -0.16221289, -0.049579  ,  0.04495616, -0.01395149,  0.13169658],\n",
       "           [-0.11344936, -0.16729025,  0.02775466,  0.30255032, -0.01576732,\n",
       "             0.05117236, -0.01091575,  0.24700519, -0.24389281,  0.03744228],\n",
       "           [ 0.08628287, -0.0919261 , -0.08390414, -0.01576732,  0.20947012,\n",
       "             0.00519503,  0.04229237, -0.18452309,  0.05364191, -0.10609263],\n",
       "           [ 0.1372243 , -0.05722934, -0.16221289,  0.05117236,  0.00519503,\n",
       "             0.21261038, -0.03396932,  0.04700769, -0.04906865, -0.03856023],\n",
       "           [-0.09026687,  0.02663636, -0.049579  , -0.01091575,  0.04229237,\n",
       "            -0.03396932,  0.14465561,  0.03439331, -0.01905849, -0.13465386],\n",
       "           [-0.20184982, -0.03290222,  0.04495616,  0.24700519, -0.18452309,\n",
       "             0.04700769,  0.03439331,  0.39211164, -0.25627465,  0.04109249],\n",
       "           [ 0.12470162,  0.10572214, -0.01395149, -0.24389281,  0.05364191,\n",
       "            -0.04906865, -0.01905849, -0.25627465,  0.21590907, -0.01433619],\n",
       "           [-0.00719089,  0.00113227,  0.13169658,  0.03744228, -0.10609263,\n",
       "            -0.03856023, -0.13465386,  0.04109249, -0.01433619,  0.17396643]]),\n",
       "    array([[ 1.02235087e+00,  1.59583710e-03,  1.05056878e-03,\n",
       "            -1.69264444e-04, -1.85177262e-02, -7.40508614e-03,\n",
       "            -2.19545515e-02,  6.99590675e-04,  1.43039842e-05,\n",
       "             1.57562389e-01],\n",
       "           [ 1.59583710e-03,  6.63428938e-01,  7.44810569e-05,\n",
       "            -7.03674142e-02, -6.41177173e-02, -5.77428234e-04,\n",
       "            -1.41646292e-03,  5.01170568e-03,  5.94651987e-03,\n",
       "             1.01951894e-02],\n",
       "           [ 1.05056878e-03,  7.44810569e-05,  7.76617320e-01,\n",
       "            -7.89992579e-06, -8.64261031e-04, -6.44135241e-02,\n",
       "            -1.75237254e-02,  6.68011358e-05,  6.67596873e-07,\n",
       "             7.33114985e-03],\n",
       "           [-1.69264444e-04, -7.03674142e-02, -7.89992579e-06,\n",
       "             6.80076553e-01,  6.80072530e-03,  6.12456428e-05,\n",
       "             1.50238899e-04, -5.31572786e-04, -5.74710436e-02,\n",
       "            -1.08136543e-03],\n",
       "           [-1.85177262e-02, -6.41177173e-02, -8.64261031e-04,\n",
       "             6.80072530e-03,  7.44007224e-01,  6.70034424e-03,\n",
       "             1.64363095e-02, -5.81546784e-02, -5.74707037e-04,\n",
       "            -1.18302630e-01],\n",
       "           [-7.40508614e-03, -5.77428234e-04, -6.44135241e-02,\n",
       "             6.12456428e-05,  6.70034424e-03,  9.70359630e-01,\n",
       "            -3.26717547e-02, -5.18429499e-04, -5.17566881e-06,\n",
       "            -5.68357431e-02],\n",
       "           [-2.19545515e-02, -1.41646292e-03, -1.75237254e-02,\n",
       "             1.50238899e-04,  1.64363095e-02, -3.26717547e-02,\n",
       "             7.83285094e-01, -1.26896263e-03, -1.26961976e-05,\n",
       "            -1.39423011e-01],\n",
       "           [ 6.99590675e-04,  5.01170568e-03,  6.68011358e-05,\n",
